1000
0.00000000,0.00000000,0.00000000
1.00000000,0.00000000,0.00000000
2.00000000,0.00000000,0.00000000
3.00000000,0.00000000,0.00000000
4.00000000,0.00000000,0.00000000
5.00000000,0.00000000,0.00000000
6.00000000,0.00000000,0.00000000
7.00000000,0.00000000,0.00000000
8.00000000,0.00000000,0.00000000
9.00000000,0.00000000,0.00000000
10.00000000,0.00000000,0.00000000
11.00000000,0.00000000,0.00000000
12.00000000,0.00000000,0.00000000
13.00000000,0.00000000,0.00000000
14.00000000,0.00000000,0.00000000
15.00000000,0.00000000,0.00000000
16.00000000,0.00000000,0.00000000
17.00000000,0.00000000,0.00000000
18.00000000,0.00000000,0.00000000
19.00000000,0.00000000,0.00000000
20.00000000,0.00000000,0.00000000
21.00000000,0.00000000,0.00000000
22.00000000,0.00000000,0.00000000
23.00000000,0.00000000,0.00000000
24.00000000,0.00000000,0.00000000
25.00000000,0.00000000,0.00000000
26.00000000,0.00000000,0.00000000
27.00000000,0.00000000,0.00000000
28.00000000,0.00000000,0.00000000
29.00000000,0.00000000,0.00000000
30.00000000,0.00000000,0.00000000
31.00000000,0.00000000,0.00000000
32.00000000,0.00000000,0.00000000
33.00000000,0.00000000,0.00000000
34.00000000,0.00000000,0.00000000
35.00000000,0.00000000,0.00000000
36.00000000,0.00000000,0.00000000
37.00000000,0.00000000,0.00000000
38.00000000,0.00000000,0.00000000
39.00000000,0.00000000,0.00000000
40.00000000,0.00000000,0.00000000
41.00000000,0.00000000,0.00000000
42.00000000,0.00000000,0.00000000
43.00000000,0.00000000,0.00000000
44.00000000,0.00000000,0.00000000
45.00000000,0.00000000,0.00000000
46.00000000,0.00000000,0.00000000
47.00000000,0.00000000,0.00000000
48.00000000,0.00000000,0.00000000
49.00000000,0.00000000,0.00000000
50.00000000,0.00000000,0.00000000
51.00000000,0.00000000,0.00000000
52.00000000,0.00000000,0.00000000
53.00000000,0.00000000,0.00000000
54.00000000,0.00000000,0.00000000
55.00000000,0.00000000,0.00000000
56.00000000,0.00000000,0.00000000
57.00000000,0.00000000,0.00000000
58.00000000,0.00000000,0.00000000
59.00000000,0.00000000,0.00000000
60.00000000,0.00000000,0.00000000
61.00000000,0.00000000,0.00000000
62.00000000,0.00000000,0.00000000
63.00000000,0.00000000,0.00000000
64.00000000,0.00000000,0.00000000
65.00000000,0.00000000,0.00000000
66.00000000,0.00000000,0.00000000
67.00000000,0.00000000,0.00000000
68.00000000,0.00000000,0.00000000
69.00000000,0.00000000,0.00000000
70.00000000,0.00000000,0.00000000
71.00000000,0.00000000,0.00000000
72.00000000,0.00000000,0.00000000
73.00000000,0.00000000,0.00000000
74.00000000,0.00000000,0.00000000
75.00000000,0.00000000,0.00000000
76.00000000,0.00000000,0.00000000
77.00000000,0.00000000,0.00000000
78.00000000,0.00000000,0.00000000
79.00000000,0.00000000,0.00000000
80.00000000,0.00000000,0.00000000
81.00000000,0.00000000,0.00000000
82.00000000,0.00000000,0.00000000
83.00000000,0.00000000,0.00000000
84.00000000,0.00000000,0.00000000
85.00000000,0.00000000,0.00000000
86.00000000,0.00000000,0.00000000
87.00000000,0.00000000,0.00000000
88.00000000,0.00000000,0.00000000
89.00000000,0.00000000,0.00000000
90.00000000,0.00000000,0.00000000
91.00000000,0.00000000,0.00000000
92.00000000,0.00000000,0.00000000
93.00000000,0.00000000,0.00000000
94.00000000,0.00000000,0.00000000
95.00000000,0.00000000,0.00000000
96.00000000,0.00000000,0.00000000
97.00000000,0.00000000,0.00000000
98.00000000,0.00000000,0.00000000
99.00000000,0.00000000,0.00000000
0.50000000,0.86602539,0.00000000
1.50000000,0.86602539,0.00000000
2.50000000,0.86602539,0.00000000
3.50000000,0.86602539,0.00000000
4.50000000,0.86602539,0.00000000
5.50000000,0.86602539,0.00000000
6.50000000,0.86602539,0.00000000
7.50000000,0.86602539,0.00000000
8.50000000,0.86602539,0.00000000
9.50000000,0.86602539,0.00000000
10.50000000,0.86602539,0.00000000
11.50000000,0.86602539,0.00000000
12.50000000,0.86602539,0.00000000
13.50000000,0.86602539,0.00000000
14.50000000,0.86602539,0.00000000
15.50000000,0.86602539,0.00000000
16.50000000,0.86602539,0.00000000
17.50000000,0.86602539,0.00000000
18.50000000,0.86602539,0.00000000
19.50000000,0.86602539,0.00000000
20.50000000,0.86602539,0.00000000
21.50000000,0.86602539,0.00000000
22.50000000,0.86602539,0.00000000
23.50000000,0.86602539,0.00000000
24.50000000,0.86602539,0.00000000
25.50000000,0.86602539,0.00000000
26.50000000,0.86602539,0.00000000
27.50000000,0.86602539,0.00000000
28.50000000,0.86602539,0.00000000
29.50000000,0.86602539,0.00000000
30.50000000,0.86602539,0.00000000
31.50000000,0.86602539,0.00000000
32.50000000,0.86602539,0.00000000
33.50000000,0.86602539,0.00000000
34.50000000,0.86602539,0.00000000
35.50000000,0.86602539,0.00000000
36.50000000,0.86602539,0.00000000
37.50000000,0.86602539,0.00000000
38.50000000,0.86602539,0.00000000
39.50000000,0.86602539,0.00000000
40.50000000,0.86602539,0.00000000
41.50000000,0.86602539,0.00000000
42.50000000,0.86602539,0.00000000
43.50000000,0.86602539,0.00000000
44.50000000,0.86602539,0.00000000
45.50000000,0.86602539,0.00000000
46.50000000,0.86602539,0.00000000
47.50000000,0.86602539,0.00000000
48.50000000,0.86602539,0.00000000
49.50000000,0.86602539,0.00000000
50.50000000,0.86602539,0.00000000
51.50000000,0.86602539,0.00000000
52.50000000,0.86602539,0.00000000
53.50000000,0.86602539,0.00000000
54.50000000,0.86602539,0.00000000
55.50000000,0.86602539,0.00000000
56.50000000,0.86602539,0.00000000
57.50000000,0.86602539,0.00000000
58.50000000,0.86602539,0.00000000
59.50000000,0.86602539,0.00000000
60.50000000,0.86602539,0.00000000
61.50000000,0.86602539,0.00000000
62.50000000,0.86602539,0.00000000
63.50000000,0.86602539,0.00000000
64.50000000,0.86602539,0.00000000
65.50000000,0.86602539,0.00000000
66.50000000,0.86602539,0.00000000
67.50000000,0.86602539,0.00000000
68.50000000,0.86602539,0.00000000
69.50000000,0.86602539,0.00000000
70.50000000,0.86602539,0.00000000
71.50000000,0.86602539,0.00000000
72.50000000,0.86602539,0.00000000
73.50000000,0.86602539,0.00000000
74.50000000,0.86602539,0.00000000
75.50000000,0.86602539,0.00000000
76.50000000,0.86602539,0.00000000
77.50000000,0.86602539,0.00000000
78.50000000,0.86602539,0.00000000
79.50000000,0.86602539,0.00000000
80.50000000,0.86602539,0.00000000
81.50000000,0.86602539,0.00000000
82.50000000,0.86602539,0.00000000
83.50000000,0.86602539,0.00000000
84.50000000,0.86602539,0.00000000
85.50000000,0.86602539,0.00000000
86.50000000,0.86602539,0.00000000
87.50000000,0.86602539,0.00000000
88.50000000,0.86602539,0.00000000
89.50000000,0.86602539,0.00000000
90.50000000,0.86602539,0.00000000
91.50000000,0.86602539,0.00000000
92.50000000,0.86602539,0.00000000
93.50000000,0.86602539,0.00000000
94.50000000,0.86602539,0.00000000
95.50000000,0.86602539,0.00000000
96.50000000,0.86602539,0.00000000
97.50000000,0.86602539,0.00000000
98.50000000,0.86602539,0.00000000
99.50000000,0.86602539,0.00000000
0.00000000,1.73205078,0.00000000
1.00000000,1.73205078,0.00000000
2.00000000,1.73205078,0.00000000
3.00000000,1.73205078,0.00000000
4.00000000,1.73205078,0.00000000
5.00000000,1.73205078,0.00000000
6.00000000,1.73205078,0.00000000
7.00000000,1.73205078,0.00000000
8.00000000,1.73205078,0.00000000
9.00000000,1.73205078,0.00000000
10.00000000,1.73205078,0.00000000
11.00000000,1.73205078,0.00000000
12.00000000,1.73205078,0.00000000
13.00000000,1.73205078,0.00000000
14.00000000,1.73205078,0.00000000
15.00000000,1.73205078,0.00000000
16.00000000,1.73205078,0.00000000
17.00000000,1.73205078,0.00000000
18.00000000,1.73205078,0.00000000
19.00000000,1.73205078,0.00000000
20.00000000,1.73205078,0.00000000
21.00000000,1.73205078,0.00000000
22.00000000,1.73205078,0.00000000
23.00000000,1.73205078,0.00000000
24.00000000,1.73205078,0.00000000
25.00000000,1.73205078,0.00000000
26.00000000,1.73205078,0.00000000
27.00000000,1.73205078,0.00000000
28.00000000,1.73205078,0.00000000
29.00000000,1.73205078,0.00000000
30.00000000,1.73205078,0.00000000
31.00000000,1.73205078,0.00000000
32.00000000,1.73205078,0.00000000
33.00000000,1.73205078,0.00000000
34.00000000,1.73205078,0.00000000
35.00000000,1.73205078,0.00000000
36.00000000,1.73205078,0.00000000
37.00000000,1.73205078,0.00000000
38.00000000,1.73205078,0.00000000
39.00000000,1.73205078,0.00000000
40.00000000,1.73205078,0.00000000
41.00000000,1.73205078,0.00000000
42.00000000,1.73205078,0.00000000
43.00000000,1.73205078,0.00000000
44.00000000,1.73205078,0.00000000
45.00000000,1.73205078,0.00000000
46.00000000,1.73205078,0.00000000
47.00000000,1.73205078,0.00000000
48.00000000,1.73205078,0.00000000
49.00000000,1.73205078,0.00000000
50.00000000,1.73205078,0.00000000
51.00000000,1.73205078,0.00000000
52.00000000,1.73205078,0.00000000
53.00000000,1.73205078,0.00000000
54.00000000,1.73205078,0.00000000
55.00000000,1.73205078,0.00000000
56.00000000,1.73205078,0.00000000
57.00000000,1.73205078,0.00000000
58.00000000,1.73205078,0.00000000
59.00000000,1.73205078,0.00000000
60.00000000,1.73205078,0.00000000
61.00000000,1.73205078,0.00000000
62.00000000,1.73205078,0.00000000
63.00000000,1.73205078,0.00000000
64.00000000,1.73205078,0.00000000
65.00000000,1.73205078,0.00000000
66.00000000,1.73205078,0.00000000
67.00000000,1.73205078,0.00000000
68.00000000,1.73205078,0.00000000
69.00000000,1.73205078,0.00000000
70.00000000,1.73205078,0.00000000
71.00000000,1.73205078,0.00000000
72.00000000,1.73205078,0.00000000
73.00000000,1.73205078,0.00000000
74.00000000,1.73205078,0.00000000
75.00000000,1.73205078,0.00000000
76.00000000,1.73205078,0.00000000
77.00000000,1.73205078,0.00000000
78.00000000,1.73205078,0.00000000
79.00000000,1.73205078,0.00000000
80.00000000,1.73205078,0.00000000
81.00000000,1.73205078,0.00000000
82.00000000,1.73205078,0.00000000
83.00000000,1.73205078,0.00000000
84.00000000,1.73205078,0.00000000
85.00000000,1.73205078,0.00000000
86.00000000,1.73205078,0.00000000
87.00000000,1.73205078,0.00000000
88.00000000,1.73205078,0.00000000
89.00000000,1.73205078,0.00000000
90.00000000,1.73205078,0.00000000
91.00000000,1.73205078,0.00000000
92.00000000,1.73205078,0.00000000
93.00000000,1.73205078,0.00000000
94.00000000,1.73205078,0.00000000
95.00000000,1.73205078,0.00000000
96.00000000,1.73205078,0.00000000
97.00000000,1.73205078,0.00000000
98.00000000,1.73205078,0.00000000
99.00000000,1.73205078,0.00000000
0.50000000,2.59807611,0.00000000
1.50000000,2.59807611,0.00000000
2.50000000,2.59807611,0.00000000
3.50000000,2.59807611,0.00000000
4.50000000,2.59807611,0.00000000
5.50000000,2.59807611,0.00000000
6.50000000,2.59807611,0.00000000
7.50000000,2.59807611,0.00000000
8.50000000,2.59807611,0.00000000
9.50000000,2.59807611,0.00000000
10.50000000,2.59807611,0.00000000
11.50000000,2.59807611,0.00000000
12.50000000,2.59807611,0.00000000
13.50000000,2.59807611,0.00000000
14.50000000,2.59807611,0.00000000
15.50000000,2.59807611,0.00000000
16.50000000,2.59807611,0.00000000
17.50000000,2.59807611,0.00000000
18.50000000,2.59807611,0.00000000
19.50000000,2.59807611,0.00000000
20.50000000,2.59807611,0.00000000
21.50000000,2.59807611,0.00000000
22.50000000,2.59807611,0.00000000
23.50000000,2.59807611,0.00000000
24.50000000,2.59807611,0.00000000
25.50000000,2.59807611,0.00000000
26.50000000,2.59807611,0.00000000
27.50000000,2.59807611,0.00000000
28.50000000,2.59807611,0.00000000
29.50000000,2.59807611,0.00000000
30.50000000,2.59807611,0.00000000
31.50000000,2.59807611,0.00000000
32.50000000,2.59807611,0.00000000
33.50000000,2.59807611,0.00000000
34.50000000,2.59807611,0.00000000
35.50000000,2.59807611,0.00000000
36.50000000,2.59807611,0.00000000
37.50000000,2.59807611,0.00000000
38.50000000,2.59807611,0.00000000
39.50000000,2.59807611,0.00000000
40.50000000,2.59807611,0.00000000
41.50000000,2.59807611,0.00000000
42.50000000,2.59807611,0.00000000
43.50000000,2.59807611,0.00000000
44.50000000,2.59807611,0.00000000
45.50000000,2.59807611,0.00000000
46.50000000,2.59807611,0.00000000
47.50000000,2.59807611,0.00000000
48.50000000,2.59807611,0.00000000
49.50000000,2.59807611,0.00000000
50.50000000,2.59807611,0.00000000
51.50000000,2.59807611,0.00000000
52.50000000,2.59807611,0.00000000
53.50000000,2.59807611,0.00000000
54.50000000,2.59807611,0.00000000
55.50000000,2.59807611,0.00000000
56.50000000,2.59807611,0.00000000
57.50000000,2.59807611,0.00000000
58.50000000,2.59807611,0.00000000
59.50000000,2.59807611,0.00000000
60.50000000,2.59807611,0.00000000
61.50000000,2.59807611,0.00000000
62.50000000,2.59807611,0.00000000
63.50000000,2.59807611,0.00000000
64.50000000,2.59807611,0.00000000
65.50000000,2.59807611,0.00000000
66.50000000,2.59807611,0.00000000
67.50000000,2.59807611,0.00000000
68.50000000,2.59807611,0.00000000
69.50000000,2.59807611,0.00000000
70.50000000,2.59807611,0.00000000
71.50000000,2.59807611,0.00000000
72.50000000,2.59807611,0.00000000
73.50000000,2.59807611,0.00000000
74.50000000,2.59807611,0.00000000
75.50000000,2.59807611,0.00000000
76.50000000,2.59807611,0.00000000
77.50000000,2.59807611,0.00000000
78.50000000,2.59807611,0.00000000
79.50000000,2.59807611,0.00000000
80.50000000,2.59807611,0.00000000
81.50000000,2.59807611,0.00000000
82.50000000,2.59807611,0.00000000
83.50000000,2.59807611,0.00000000
84.50000000,2.59807611,0.00000000
85.50000000,2.59807611,0.00000000
86.50000000,2.59807611,0.00000000
87.50000000,2.59807611,0.00000000
88.50000000,2.59807611,0.00000000
89.50000000,2.59807611,0.00000000
90.50000000,2.59807611,0.00000000
91.50000000,2.59807611,0.00000000
92.50000000,2.59807611,0.00000000
93.50000000,2.59807611,0.00000000
94.50000000,2.59807611,0.00000000
95.50000000,2.59807611,0.00000000
96.50000000,2.59807611,0.00000000
97.50000000,2.59807611,0.00000000
98.50000000,2.59807611,0.00000000
99.50000000,2.59807611,0.00000000
0.00000000,3.46410155,0.00000000
1.00000000,3.46410155,0.00000000
2.00000000,3.46410155,0.00000000
3.00000000,3.46410155,0.00000000
4.00000000,3.46410155,0.00000000
5.00000000,3.46410155,0.00000000
6.00000000,3.46410155,0.00000000
7.00000000,3.46410155,0.00000000
8.00000000,3.46410155,0.00000000
9.00000000,3.46410155,0.00000000
10.00000000,3.46410155,0.00000000
11.00000000,3.46410155,0.00000000
12.00000000,3.46410155,0.00000000
13.00000000,3.46410155,0.00000000
14.00000000,3.46410155,0.00000000
15.00000000,3.46410155,0.00000000
16.00000000,3.46410155,0.00000000
17.00000000,3.46410155,0.00000000
18.00000000,3.46410155,0.00000000
19.00000000,3.46410155,0.00000000
20.00000000,3.46410155,0.00000000
21.00000000,3.46410155,0.00000000
22.00000000,3.46410155,0.00000000
23.00000000,3.46410155,0.00000000
24.00000000,3.46410155,0.00000000
25.00000000,3.46410155,0.00000000
26.00000000,3.46410155,0.00000000
27.00000000,3.46410155,0.00000000
28.00000000,3.46410155,0.00000000
29.00000000,3.46410155,0.00000000
30.00000000,3.46410155,0.00000000
31.00000000,3.46410155,0.00000000
32.00000000,3.46410155,0.00000000
33.00000000,3.46410155,0.00000000
34.00000000,3.46410155,0.00000000
35.00000000,3.46410155,0.00000000
36.00000000,3.46410155,0.00000000
37.00000000,3.46410155,0.00000000
38.00000000,3.46410155,0.00000000
39.00000000,3.46410155,0.00000000
40.00000000,3.46410155,0.00000000
41.00000000,3.46410155,0.00000000
42.00000000,3.46410155,0.00000000
43.00000000,3.46410155,0.00000000
44.00000000,3.46410155,0.00000000
45.00000000,3.46410155,0.00000000
46.00000000,3.46410155,0.00000000
47.00000000,3.46410155,0.00000000
48.00000000,3.46410155,0.00000000
49.00000000,3.46410155,0.00000000
50.00000000,3.46410155,0.00000000
51.00000000,3.46410155,0.00000000
52.00000000,3.46410155,0.00000000
53.00000000,3.46410155,0.00000000
54.00000000,3.46410155,0.00000000
55.00000000,3.46410155,0.00000000
56.00000000,3.46410155,0.00000000
57.00000000,3.46410155,0.00000000
58.00000000,3.46410155,0.00000000
59.00000000,3.46410155,0.00000000
60.00000000,3.46410155,0.00000000
61.00000000,3.46410155,0.00000000
62.00000000,3.46410155,0.00000000
63.00000000,3.46410155,0.00000000
64.00000000,3.46410155,0.00000000
65.00000000,3.46410155,0.00000000
66.00000000,3.46410155,0.00000000
67.00000000,3.46410155,0.00000000
68.00000000,3.46410155,0.00000000
69.00000000,3.46410155,0.00000000
70.00000000,3.46410155,0.00000000
71.00000000,3.46410155,0.00000000
72.00000000,3.46410155,0.00000000
73.00000000,3.46410155,0.00000000
74.00000000,3.46410155,0.00000000
75.00000000,3.46410155,0.00000000
76.00000000,3.46410155,0.00000000
77.00000000,3.46410155,0.00000000
78.00000000,3.46410155,0.00000000
79.00000000,3.46410155,0.00000000
80.00000000,3.46410155,0.00000000
81.00000000,3.46410155,0.00000000
82.00000000,3.46410155,0.00000000
83.00000000,3.46410155,0.00000000
84.00000000,3.46410155,0.00000000
85.00000000,3.46410155,0.00000000
86.00000000,3.46410155,0.00000000
87.00000000,3.46410155,0.00000000
88.00000000,3.46410155,0.00000000
89.00000000,3.46410155,0.00000000
90.00000000,3.46410155,0.00000000
91.00000000,3.46410155,0.00000000
92.00000000,3.46410155,0.00000000
93.00000000,3.46410155,0.00000000
94.00000000,3.46410155,0.00000000
95.00000000,3.46410155,0.00000000
96.00000000,3.46410155,0.00000000
97.00000000,3.46410155,0.00000000
98.00000000,3.46410155,0.00000000
99.00000000,3.46410155,0.00000000
0.50000000,4.33012724,0.00000000
1.50000000,4.33012724,0.00000000
2.50000000,4.33012724,0.00000000
3.50000000,4.33012724,0.00000000
4.50000000,4.33012724,0.00000000
5.50000000,4.33012724,0.00000000
6.50000000,4.33012724,0.00000000
7.50000000,4.33012724,0.00000000
8.50000000,4.33012724,0.00000000
9.50000000,4.33012724,0.00000000
10.50000000,4.33012724,0.00000000
11.50000000,4.33012724,0.00000000
12.50000000,4.33012724,0.00000000
13.50000000,4.33012724,0.00000000
14.50000000,4.33012724,0.00000000
15.50000000,4.33012724,0.00000000
16.50000000,4.33012724,0.00000000
17.50000000,4.33012724,0.00000000
18.50000000,4.33012724,0.00000000
19.50000000,4.33012724,0.00000000
20.50000000,4.33012724,0.00000000
21.50000000,4.33012724,0.00000000
22.50000000,4.33012724,0.00000000
23.50000000,4.33012724,0.00000000
24.50000000,4.33012724,0.00000000
25.50000000,4.33012724,0.00000000
26.50000000,4.33012724,0.00000000
27.50000000,4.33012724,0.00000000
28.50000000,4.33012724,0.00000000
29.50000000,4.33012724,0.00000000
30.50000000,4.33012724,0.00000000
31.50000000,4.33012724,0.00000000
32.50000000,4.33012724,0.00000000
33.50000000,4.33012724,0.00000000
34.50000000,4.33012724,0.00000000
35.50000000,4.33012724,0.00000000
36.50000000,4.33012724,0.00000000
37.50000000,4.33012724,0.00000000
38.50000000,4.33012724,0.00000000
39.50000000,4.33012724,0.00000000
40.50000000,4.33012724,0.00000000
41.50000000,4.33012724,0.00000000
42.50000000,4.33012724,0.00000000
43.50000000,4.33012724,0.00000000
44.50000000,4.33012724,0.00000000
45.50000000,4.33012724,0.00000000
46.50000000,4.33012724,0.00000000
47.50000000,4.33012724,0.00000000
48.50000000,4.33012724,0.00000000
49.50000000,4.33012724,0.00000000
50.50000000,4.33012724,0.00000000
51.50000000,4.33012724,0.00000000
52.50000000,4.33012724,0.00000000
53.50000000,4.33012724,0.00000000
54.50000000,4.33012724,0.00000000
55.50000000,4.33012724,0.00000000
56.50000000,4.33012724,0.00000000
57.50000000,4.33012724,0.00000000
58.50000000,4.33012724,0.00000000
59.50000000,4.33012724,0.00000000
60.50000000,4.33012724,0.00000000
61.50000000,4.33012724,0.00000000
62.50000000,4.33012724,0.00000000
63.50000000,4.33012724,0.00000000
64.50000000,4.33012724,0.00000000
65.50000000,4.33012724,0.00000000
66.50000000,4.33012724,0.00000000
67.50000000,4.33012724,0.00000000
68.50000000,4.33012724,0.00000000
69.50000000,4.33012724,0.00000000
70.50000000,4.33012724,0.00000000
71.50000000,4.33012724,0.00000000
72.50000000,4.33012724,0.00000000
73.50000000,4.33012724,0.00000000
74.50000000,4.33012724,0.00000000
75.50000000,4.33012724,0.00000000
76.50000000,4.33012724,0.00000000
77.50000000,4.33012724,0.00000000
78.50000000,4.33012724,0.00000000
79.50000000,4.33012724,0.00000000
80.50000000,4.33012724,0.00000000
81.50000000,4.33012724,0.00000000
82.50000000,4.33012724,0.00000000
83.50000000,4.33012724,0.00000000
84.50000000,4.33012724,0.00000000
85.50000000,4.33012724,0.00000000
86.50000000,4.33012724,0.00000000
87.50000000,4.33012724,0.00000000
88.50000000,4.33012724,0.00000000
89.50000000,4.33012724,0.00000000
90.50000000,4.33012724,0.00000000
91.50000000,4.33012724,0.00000000
92.50000000,4.33012724,0.00000000
93.50000000,4.33012724,0.00000000
94.50000000,4.33012724,0.00000000
95.50000000,4.33012724,0.00000000
96.50000000,4.33012724,0.00000000
97.50000000,4.33012724,0.00000000
98.50000000,4.33012724,0.00000000
99.50000000,4.33012724,0.00000000
0.00000000,5.19615221,0.00000000
1.00000000,5.19615221,0.00000000
2.00000000,5.19615221,0.00000000
3.00000000,5.19615221,0.00000000
4.00000000,5.19615221,0.00000000
5.00000000,5.19615221,0.00000000
6.00000000,5.19615221,0.00000000
7.00000000,5.19615221,0.00000000
8.00000000,5.19615221,0.00000000
9.00000000,5.19615221,0.00000000
10.00000000,5.19615221,0.00000000
11.00000000,5.19615221,0.00000000
12.00000000,5.19615221,0.00000000
13.00000000,5.19615221,0.00000000
14.00000000,5.19615221,0.00000000
15.00000000,5.19615221,0.00000000
16.00000000,5.19615221,0.00000000
17.00000000,5.19615221,0.00000000
18.00000000,5.19615221,0.00000000
19.00000000,5.19615221,0.00000000
20.00000000,5.19615221,0.00000000
21.00000000,5.19615221,0.00000000
22.00000000,5.19615221,0.00000000
23.00000000,5.19615221,0.00000000
24.00000000,5.19615221,0.00000000
25.00000000,5.19615221,0.00000000
26.00000000,5.19615221,0.00000000
27.00000000,5.19615221,0.00000000
28.00000000,5.19615221,0.00000000
29.00000000,5.19615221,0.00000000
30.00000000,5.19615221,0.00000000
31.00000000,5.19615221,0.00000000
32.00000000,5.19615221,0.00000000
33.00000000,5.19615221,0.00000000
34.00000000,5.19615221,0.00000000
35.00000000,5.19615221,0.00000000
36.00000000,5.19615221,0.00000000
37.00000000,5.19615221,0.00000000
38.00000000,5.19615221,0.00000000
39.00000000,5.19615221,0.00000000
40.00000000,5.19615221,0.00000000
41.00000000,5.19615221,0.00000000
42.00000000,5.19615221,0.00000000
43.00000000,5.19615221,0.00000000
44.00000000,5.19615221,0.00000000
45.00000000,5.19615221,0.00000000
46.00000000,5.19615221,0.00000000
47.00000000,5.19615221,0.00000000
48.00000000,5.19615221,0.00000000
49.00000000,5.19615221,0.00000000
50.00000000,5.19615221,0.00000000
51.00000000,5.19615221,0.00000000
52.00000000,5.19615221,0.00000000
53.00000000,5.19615221,0.00000000
54.00000000,5.19615221,0.00000000
55.00000000,5.19615221,0.00000000
56.00000000,5.19615221,0.00000000
57.00000000,5.19615221,0.00000000
58.00000000,5.19615221,0.00000000
59.00000000,5.19615221,0.00000000
60.00000000,5.19615221,0.00000000
61.00000000,5.19615221,0.00000000
62.00000000,5.19615221,0.00000000
63.00000000,5.19615221,0.00000000
64.00000000,5.19615221,0.00000000
65.00000000,5.19615221,0.00000000
66.00000000,5.19615221,0.00000000
67.00000000,5.19615221,0.00000000
68.00000000,5.19615221,0.00000000
69.00000000,5.19615221,0.00000000
70.00000000,5.19615221,0.00000000
71.00000000,5.19615221,0.00000000
72.00000000,5.19615221,0.00000000
73.00000000,5.19615221,0.00000000
74.00000000,5.19615221,0.00000000
75.00000000,5.19615221,0.00000000
76.00000000,5.19615221,0.00000000
77.00000000,5.19615221,0.00000000
78.00000000,5.19615221,0.00000000
79.00000000,5.19615221,0.00000000
80.00000000,5.19615221,0.00000000
81.00000000,5.19615221,0.00000000
82.00000000,5.19615221,0.00000000
83.00000000,5.19615221,0.00000000
84.00000000,5.19615221,0.00000000
85.00000000,5.19615221,0.00000000
86.00000000,5.19615221,0.00000000
87.00000000,5.19615221,0.00000000
88.00000000,5.19615221,0.00000000
89.00000000,5.19615221,0.00000000
90.00000000,5.19615221,0.00000000
91.00000000,5.19615221,0.00000000
92.00000000,5.19615221,0.00000000
93.00000000,5.19615221,0.00000000
94.00000000,5.19615221,0.00000000
95.00000000,5.19615221,0.00000000
96.00000000,5.19615221,0.00000000
97.00000000,5.19615221,0.00000000
98.00000000,5.19615221,0.00000000
99.00000000,5.19615221,0.00000000
0.50000000,6.06217766,0.00000000
1.50000000,6.06217766,0.00000000
2.50000000,6.06217766,0.00000000
3.50000000,6.06217766,0.00000000
4.50000000,6.06217766,0.00000000
5.50000000,6.06217766,0.00000000
6.50000000,6.06217766,0.00000000
7.50000000,6.06217766,0.00000000
8.50000000,6.06217766,0.00000000
9.50000000,6.06217766,0.00000000
10.50000000,6.06217766,0.00000000
11.50000000,6.06217766,0.00000000
12.50000000,6.06217766,0.00000000
13.50000000,6.06217766,0.00000000
14.50000000,6.06217766,0.00000000
15.50000000,6.06217766,0.00000000
16.50000000,6.06217766,0.00000000
17.50000000,6.06217766,0.00000000
18.50000000,6.06217766,0.00000000
19.50000000,6.06217766,0.00000000
20.50000000,6.06217766,0.00000000
21.50000000,6.06217766,0.00000000
22.50000000,6.06217766,0.00000000
23.50000000,6.06217766,0.00000000
24.50000000,6.06217766,0.00000000
25.50000000,6.06217766,0.00000000
26.50000000,6.06217766,0.00000000
27.50000000,6.06217766,0.00000000
28.50000000,6.06217766,0.00000000
29.50000000,6.06217766,0.00000000
30.50000000,6.06217766,0.00000000
31.50000000,6.06217766,0.00000000
32.50000000,6.06217766,0.00000000
33.50000000,6.06217766,0.00000000
34.50000000,6.06217766,0.00000000
35.50000000,6.06217766,0.00000000
36.50000000,6.06217766,0.00000000
37.50000000,6.06217766,0.00000000
38.50000000,6.06217766,0.00000000
39.50000000,6.06217766,0.00000000
40.50000000,6.06217766,0.00000000
41.50000000,6.06217766,0.00000000
42.50000000,6.06217766,0.00000000
43.50000000,6.06217766,0.00000000
44.50000000,6.06217766,0.00000000
45.50000000,6.06217766,0.00000000
46.50000000,6.06217766,0.00000000
47.50000000,6.06217766,0.00000000
48.50000000,6.06217766,0.00000000
49.50000000,6.06217766,0.00000000
50.50000000,6.06217766,0.00000000
51.50000000,6.06217766,0.00000000
52.50000000,6.06217766,0.00000000
53.50000000,6.06217766,0.00000000
54.50000000,6.06217766,0.00000000
55.50000000,6.06217766,0.00000000
56.50000000,6.06217766,0.00000000
57.50000000,6.06217766,0.00000000
58.50000000,6.06217766,0.00000000
59.50000000,6.06217766,0.00000000
60.50000000,6.06217766,0.00000000
61.50000000,6.06217766,0.00000000
62.50000000,6.06217766,0.00000000
63.50000000,6.06217766,0.00000000
64.50000000,6.06217766,0.00000000
65.50000000,6.06217766,0.00000000
66.50000000,6.06217766,0.00000000
67.50000000,6.06217766,0.00000000
68.50000000,6.06217766,0.00000000
69.50000000,6.06217766,0.00000000
70.50000000,6.06217766,0.00000000
71.50000000,6.06217766,0.00000000
72.50000000,6.06217766,0.00000000
73.50000000,6.06217766,0.00000000
74.50000000,6.06217766,0.00000000
75.50000000,6.06217766,0.00000000
76.50000000,6.06217766,0.00000000
77.50000000,6.06217766,0.00000000
78.50000000,6.06217766,0.00000000
79.50000000,6.06217766,0.00000000
80.50000000,6.06217766,0.00000000
81.50000000,6.06217766,0.00000000
82.50000000,6.06217766,0.00000000
83.50000000,6.06217766,0.00000000
84.50000000,6.06217766,0.00000000
85.50000000,6.06217766,0.00000000
86.50000000,6.06217766,0.00000000
87.50000000,6.06217766,0.00000000
88.50000000,6.06217766,0.00000000
89.50000000,6.06217766,0.00000000
90.50000000,6.06217766,0.00000000
91.50000000,6.06217766,0.00000000
92.50000000,6.06217766,0.00000000
93.50000000,6.06217766,0.00000000
94.50000000,6.06217766,0.00000000
95.50000000,6.06217766,0.00000000
96.50000000,6.06217766,0.00000000
97.50000000,6.06217766,0.00000000
98.50000000,6.06217766,0.00000000
99.50000000,6.06217766,0.00000000
0.00000000,6.92820311,0.00000000
1.00000000,6.92820311,0.00000000
2.00000000,6.92820311,0.00000000
3.00000000,6.92820311,0.00000000
4.00000000,6.92820311,0.00000000
5.00000000,6.92820311,0.00000000
6.00000000,6.92820311,0.00000000
7.00000000,6.92820311,0.00000000
8.00000000,6.92820311,0.00000000
9.00000000,6.92820311,0.00000000
10.00000000,6.92820311,0.00000000
11.00000000,6.92820311,0.00000000
12.00000000,6.92820311,0.00000000
13.00000000,6.92820311,0.00000000
14.00000000,6.92820311,0.00000000
15.00000000,6.92820311,0.00000000
16.00000000,6.92820311,0.00000000
17.00000000,6.92820311,0.00000000
18.00000000,6.92820311,0.00000000
19.00000000,6.92820311,0.00000000
20.00000000,6.92820311,0.00000000
21.00000000,6.92820311,0.00000000
22.00000000,6.92820311,0.00000000
23.00000000,6.92820311,0.00000000
24.00000000,6.92820311,0.00000000
25.00000000,6.92820311,0.00000000
26.00000000,6.92820311,0.00000000
27.00000000,6.92820311,0.00000000
28.00000000,6.92820311,0.00000000
29.00000000,6.92820311,0.00000000
30.00000000,6.92820311,0.00000000
31.00000000,6.92820311,0.00000000
32.00000000,6.92820311,0.00000000
33.00000000,6.92820311,0.00000000
34.00000000,6.92820311,0.00000000
35.00000000,6.92820311,0.00000000
36.00000000,6.92820311,0.00000000
37.00000000,6.92820311,0.00000000
38.00000000,6.92820311,0.00000000
39.00000000,6.92820311,0.00000000
40.00000000,6.92820311,0.00000000
41.00000000,6.92820311,0.00000000
42.00000000,6.92820311,0.00000000
43.00000000,6.92820311,0.00000000
44.00000000,6.92820311,0.00000000
45.00000000,6.92820311,0.00000000
46.00000000,6.92820311,0.00000000
47.00000000,6.92820311,0.00000000
48.00000000,6.92820311,0.00000000
49.00000000,6.92820311,0.00000000
50.00000000,6.92820311,0.00000000
51.00000000,6.92820311,0.00000000
52.00000000,6.92820311,0.00000000
53.00000000,6.92820311,0.00000000
54.00000000,6.92820311,0.00000000
55.00000000,6.92820311,0.00000000
56.00000000,6.92820311,0.00000000
57.00000000,6.92820311,0.00000000
58.00000000,6.92820311,0.00000000
59.00000000,6.92820311,0.00000000
60.00000000,6.92820311,0.00000000
61.00000000,6.92820311,0.00000000
62.00000000,6.92820311,0.00000000
63.00000000,6.92820311,0.00000000
64.00000000,6.92820311,0.00000000
65.00000000,6.92820311,0.00000000
66.00000000,6.92820311,0.00000000
67.00000000,6.92820311,0.00000000
68.00000000,6.92820311,0.00000000
69.00000000,6.92820311,0.00000000
70.00000000,6.92820311,0.00000000
71.00000000,6.92820311,0.00000000
72.00000000,6.92820311,0.00000000
73.00000000,6.92820311,0.00000000
74.00000000,6.92820311,0.00000000
75.00000000,6.92820311,0.00000000
76.00000000,6.92820311,0.00000000
77.00000000,6.92820311,0.00000000
78.00000000,6.92820311,0.00000000
79.00000000,6.92820311,0.00000000
80.00000000,6.92820311,0.00000000
81.00000000,6.92820311,0.00000000
82.00000000,6.92820311,0.00000000
83.00000000,6.92820311,0.00000000
84.00000000,6.92820311,0.00000000
85.00000000,6.92820311,0.00000000
86.00000000,6.92820311,0.00000000
87.00000000,6.92820311,0.00000000
88.00000000,6.92820311,0.00000000
89.00000000,6.92820311,0.00000000
90.00000000,6.92820311,0.00000000
91.00000000,6.92820311,0.00000000
92.00000000,6.92820311,0.00000000
93.00000000,6.92820311,0.00000000
94.00000000,6.92820311,0.00000000
95.00000000,6.92820311,0.00000000
96.00000000,6.92820311,0.00000000
97.00000000,6.92820311,0.00000000
98.00000000,6.92820311,0.00000000
99.00000000,6.92820311,0.00000000
0.50000000,7.79422855,0.00000000
1.50000000,7.79422855,0.00000000
2.50000000,7.79422855,0.00000000
3.50000000,7.79422855,0.00000000
4.50000000,7.79422855,0.00000000
5.50000000,7.79422855,0.00000000
6.50000000,7.79422855,0.00000000
7.50000000,7.79422855,0.00000000
8.50000000,7.79422855,0.00000000
9.50000000,7.79422855,0.00000000
10.50000000,7.79422855,0.00000000
11.50000000,7.79422855,0.00000000
12.50000000,7.79422855,0.00000000
13.50000000,7.79422855,0.00000000
14.50000000,7.79422855,0.00000000
15.50000000,7.79422855,0.00000000
16.50000000,7.79422855,0.00000000
17.50000000,7.79422855,0.00000000
18.50000000,7.79422855,0.00000000
19.50000000,7.79422855,0.00000000
20.50000000,7.79422855,0.00000000
21.50000000,7.79422855,0.00000000
22.50000000,7.79422855,0.00000000
23.50000000,7.79422855,0.00000000
24.50000000,7.79422855,0.00000000
25.50000000,7.79422855,0.00000000
26.50000000,7.79422855,0.00000000
27.50000000,7.79422855,0.00000000
28.50000000,7.79422855,0.00000000
29.50000000,7.79422855,0.00000000
30.50000000,7.79422855,0.00000000
31.50000000,7.79422855,0.00000000
32.50000000,7.79422855,0.00000000
33.50000000,7.79422855,0.00000000
34.50000000,7.79422855,0.00000000
35.50000000,7.79422855,0.00000000
36.50000000,7.79422855,0.00000000
37.50000000,7.79422855,0.00000000
38.50000000,7.79422855,0.00000000
39.50000000,7.79422855,0.00000000
40.50000000,7.79422855,0.00000000
41.50000000,7.79422855,0.00000000
42.50000000,7.79422855,0.00000000
43.50000000,7.79422855,0.00000000
44.50000000,7.79422855,0.00000000
45.50000000,7.79422855,0.00000000
46.50000000,7.79422855,0.00000000
47.50000000,7.79422855,0.00000000
48.50000000,7.79422855,0.00000000
49.50000000,7.79422855,0.00000000
50.50000000,7.79422855,0.00000000
51.50000000,7.79422855,0.00000000
52.50000000,7.79422855,0.00000000
53.50000000,7.79422855,0.00000000
54.50000000,7.79422855,0.00000000
55.50000000,7.79422855,0.00000000
56.50000000,7.79422855,0.00000000
57.50000000,7.79422855,0.00000000
58.50000000,7.79422855,0.00000000
59.50000000,7.79422855,0.00000000
60.50000000,7.79422855,0.00000000
61.50000000,7.79422855,0.00000000
62.50000000,7.79422855,0.00000000
63.50000000,7.79422855,0.00000000
64.50000000,7.79422855,0.00000000
65.50000000,7.79422855,0.00000000
66.50000000,7.79422855,0.00000000
67.50000000,7.79422855,0.00000000
68.50000000,7.79422855,0.00000000
69.50000000,7.79422855,0.00000000
70.50000000,7.79422855,0.00000000
71.50000000,7.79422855,0.00000000
72.50000000,7.79422855,0.00000000
73.50000000,7.79422855,0.00000000
74.50000000,7.79422855,0.00000000
75.50000000,7.79422855,0.00000000
76.50000000,7.79422855,0.00000000
77.50000000,7.79422855,0.00000000
78.50000000,7.79422855,0.00000000
79.50000000,7.79422855,0.00000000
80.50000000,7.79422855,0.00000000
81.50000000,7.79422855,0.00000000
82.50000000,7.79422855,0.00000000
83.50000000,7.79422855,0.00000000
84.50000000,7.79422855,0.00000000
85.50000000,7.79422855,0.00000000
86.50000000,7.79422855,0.00000000
87.50000000,7.79422855,0.00000000
88.50000000,7.79422855,0.00000000
89.50000000,7.79422855,0.00000000
90.50000000,7.79422855,0.00000000
91.50000000,7.79422855,0.00000000
92.50000000,7.79422855,0.00000000
93.50000000,7.79422855,0.00000000
94.50000000,7.79422855,0.00000000
95.50000000,7.79422855,0.00000000
96.50000000,7.79422855,0.00000000
97.50000000,7.79422855,0.00000000
98.50000000,7.79422855,0.00000000
99.50000000,7.79422855,0.00000000
2781
1,0
2,1
3,2
4,3
5,4
6,5
7,6
8,7
9,8
10,9
11,10
12,11
13,12
14,13
15,14
16,15
17,16
18,17
19,18
20,19
21,20
22,21
23,22
24,23
25,24
26,25
27,26
28,27
29,28
30,29
31,30
32,31
33,32
34,33
35,34
36,35
37,36
38,37
39,38
40,39
41,40
42,41
43,42
44,43
45,44
46,45
47,46
48,47
49,48
50,49
51,50
52,51
53,52
54,53
55,54
56,55
57,56
58,57
59,58
60,59
61,60
62,61
63,62
64,63
65,64
66,65
67,66
68,67
69,68
70,69
71,70
72,71
73,72
74,73
75,74
76,75
77,76
78,77
79,78
80,79
81,80
82,81
83,82
84,83
85,84
86,85
87,86
88,87
89,88
90,89
91,90
92,91
93,92
94,93
95,94
96,95
97,96
98,97
99,98
100,0
100,1
101,1
101,2
101,100
102,2
102,3
102,101
103,3
103,4
103,102
104,4
104,5
104,103
105,5
105,6
105,104
106,6
106,7
106,105
107,7
107,8
107,106
108,8
108,9
108,107
109,9
109,10
109,108
110,10
110,11
110,109
111,11
111,12
111,110
112,12
112,13
112,111
113,13
113,14
113,112
114,14
114,15
114,113
115,15
115,16
115,114
116,16
116,17
116,115
117,17
117,18
117,116
118,18
118,19
118,117
119,19
119,20
119,118
120,20
120,21
120,119
121,21
121,22
121,120
122,22
122,23
122,121
123,23
123,24
123,122
124,24
124,25
124,123
125,25
125,26
125,124
126,26
126,27
126,125
127,27
127,28
127,126
128,28
128,29
128,127
129,29
129,30
129,128
130,30
130,31
130,129
131,31
131,32
131,130
132,32
132,33
132,131
133,33
133,34
133,132
134,34
134,35
134,133
135,35
135,36
135,134
136,36
136,37
136,135
137,37
137,38
137,136
138,38
138,39
138,137
139,39
139,40
139,138
140,40
140,41
140,139
141,41
141,42
141,140
142,42
142,43
142,141
143,43
143,44
143,142
144,44
144,45
144,143
145,45
145,46
145,144
146,46
146,47
146,145
147,47
147,48
147,146
148,48
148,49
148,147
149,49
149,50
149,148
150,50
150,51
150,149
151,51
151,52
151,150
152,52
152,53
152,151
153,53
153,54
153,152
154,54
154,55
154,153
155,55
155,56
155,154
156,56
156,57
156,155
157,57
157,58
157,156
158,58
158,59
158,157
159,59
159,60
159,158
160,60
160,61
160,159
161,61
161,62
161,160
162,62
162,63
162,161
163,63
163,64
163,162
164,64
164,65
164,163
165,65
165,66
165,164
166,66
166,67
166,165
167,67
167,68
167,166
168,68
168,69
168,167
169,69
169,70
169,168
170,70
170,71
170,169
171,71
171,72
171,170
172,72
172,73
172,171
173,73
173,74
173,172
174,74
174,75
174,173
175,75
175,76
175,174
176,76
176,77
176,175
177,77
177,78
177,176
178,78
178,79
178,177
179,79
179,80
179,178
180,80
180,81
180,179
181,81
181,82
181,180
182,82
182,83
182,181
183,83
183,84
183,182
184,84
184,85
184,183
185,85
185,86
185,184
186,86
186,87
186,185
187,87
187,88
187,186
188,88
188,89
188,187
189,89
189,90
189,188
190,90
190,91
190,189
191,91
191,92
191,190
192,92
192,93
192,191
193,93
193,94
193,192
194,94
194,95
194,193
195,95
195,96
195,194
196,96
196,97
196,195
197,97
197,98
197,196
198,98
198,99
198,197
199,99
199,198
200,100
201,100
201,101
201,200
202,101
202,102
202,201
203,102
203,103
203,202
204,103
204,104
204,203
205,104
205,105
205,204
206,105
206,106
206,205
207,106
207,107
207,206
208,107
208,108
208,207
209,108
209,109
209,208
210,109
210,110
210,209
211,110
211,111
211,210
212,111
212,112
212,211
213,112
213,113
213,212
214,113
214,114
214,213
215,114
215,115
215,214
216,115
216,116
216,215
217,116
217,117
217,216
218,117
218,118
218,217
219,118
219,119
219,218
220,119
220,120
220,219
221,120
221,121
221,220
222,121
222,122
222,221
223,122
223,123
223,222
224,123
224,124
224,223
225,124
225,125
225,224
226,125
226,126
226,225
227,126
227,127
227,226
228,127
228,128
228,227
229,128
229,129
229,228
230,129
230,130
230,229
231,130
231,131
231,230
232,131
232,132
232,231
233,132
233,133
233,232
234,133
234,134
234,233
235,134
235,135
235,234
236,135
236,136
236,235
237,136
237,137
237,236
238,137
238,138
238,237
239,138
239,139
239,238
240,139
240,140
240,239
241,140
241,141
241,240
242,141
242,142
242,241
243,142
243,143
243,242
244,143
244,144
244,243
245,144
245,145
245,244
246,145
246,146
246,245
247,146
247,147
247,246
248,147
248,148
248,247
249,148
249,149
249,248
250,149
250,150
250,249
251,150
251,151
251,250
252,151
252,152
252,251
253,152
253,153
253,252
254,153
254,154
254,253
255,154
255,155
255,254
256,155
256,156
256,255
257,156
257,157
257,256
258,157
258,158
258,257
259,158
259,159
259,258
260,159
260,160
260,259
261,160
261,161
261,260
262,161
262,162
262,261
263,162
263,163
263,262
264,163
264,164
264,263
265,164
265,165
265,264
266,165
266,166
266,265
267,166
267,167
267,266
268,167
268,168
268,267
269,168
269,169
269,268
270,169
270,170
270,269
271,170
271,171
271,270
272,171
272,172
272,271
273,172
273,173
273,272
274,173
274,174
274,273
275,174
275,175
275,274
276,175
276,176
276,275
277,176
277,177
277,276
278,177
278,178
278,277
279,178
279,179
279,278
280,179
280,180
280,279
281,180
281,181
281,280
282,181
282,182
282,281
283,182
283,183
283,282
284,183
284,184
284,283
285,184
285,185
285,284
286,185
286,186
286,285
287,186
287,187
287,286
288,187
288,188
288,287
289,188
289,189
289,288
290,189
290,190
290,289
291,190
291,191
291,290
292,191
292,192
292,291
293,192
293,193
293,292
294,193
294,194
294,293
295,194
295,195
295,294
296,195
296,196
296,295
297,196
297,197
297,296
298,197
298,198
298,297
299,198
299,199
299,298
300,200
300,201
301,201
301,202
301,300
302,202
302,203
302,301
303,203
303,204
303,302
304,204
304,205
304,303
305,205
305,206
305,304
306,206
306,207
306,305
307,207
307,208
307,306
308,208
308,209
308,307
309,209
309,210
309,308
310,210
310,211
310,309
311,211
311,212
311,310
312,212
312,213
312,311
313,213
313,214
313,312
314,214
314,215
314,313
315,215
315,216
315,314
316,216
316,217
316,315
317,217
317,218
317,316
318,218
318,219
318,317
319,219
319,220
319,318
320,220
320,221
320,319
321,221
321,222
321,320
322,222
322,223
322,321
323,223
323,224
323,322
324,224
324,225
324,323
325,225
325,226
325,324
326,226
326,227
326,325
327,227
327,228
327,326
328,228
328,229
328,327
329,229
329,230
329,328
330,230
330,231
330,329
331,231
331,232
331,330
332,232
332,233
332,331
333,233
333,234
333,332
334,234
334,235
334,333
335,235
335,236
335,334
336,236
336,237
336,335
337,237
337,238
337,336
338,238
338,239
338,337
339,239
339,240
339,338
340,240
340,241
340,339
341,241
341,242
341,340
342,242
342,243
342,341
343,243
343,244
343,342
344,244
344,245
344,343
345,245
345,246
345,344
346,246
346,247
346,345
347,247
347,248
347,346
348,248
348,249
348,347
349,249
349,250
349,348
350,250
350,251
350,349
351,251
351,252
351,350
352,252
352,253
352,351
353,253
353,254
353,352
354,254
354,255
354,353
355,255
355,256
355,354
356,256
356,257
356,355
357,257
357,258
357,356
358,258
358,259
358,357
359,259
359,260
359,358
360,260
360,261
360,359
361,261
361,262
361,360
362,262
362,263
362,361
363,263
363,264
363,362
364,264
364,265
364,363
365,265
365,266
365,364
366,266
366,267
366,365
367,267
367,268
367,366
368,268
368,269
368,367
369,269
369,270
369,368
370,270
370,271
370,369
371,271
371,272
371,370
372,272
372,273
372,371
373,273
373,274
373,372
374,274
374,275
374,373
375,275
375,276
375,374
376,276
376,277
376,375
377,277
377,278
377,376
378,278
378,279
378,377
379,279
379,280
379,378
380,280
380,281
380,379
381,281
381,282
381,380
382,282
382,283
382,381
383,283
383,284
383,382
384,284
384,285
384,383
385,285
385,286
385,384
386,286
386,287
386,385
387,287
387,288
387,386
388,288
388,289
388,387
389,289
389,290
389,388
390,290
390,291
390,389
391,291
391,292
391,390
392,292
392,293
392,391
393,293
393,294
393,392
394,294
394,295
394,393
395,295
395,296
395,394
396,296
396,297
396,395
397,297
397,298
397,396
398,298
398,299
398,397
399,299
399,398
400,300
401,300
401,301
401,400
402,301
402,302
402,401
403,302
403,303
403,402
404,303
404,304
404,403
405,304
405,305
405,404
406,305
406,306
406,405
407,306
407,307
407,406
408,307
408,308
408,407
409,308
409,309
409,408
410,309
410,310
410,409
411,310
411,311
411,410
412,311
412,312
412,411
413,312
413,313
413,412
414,313
414,314
414,413
415,314
415,315
415,414
416,315
416,316
416,415
417,316
417,317
417,416
418,317
418,318
418,417
419,318
419,319
419,418
420,319
420,320
420,419
421,320
421,321
421,420
422,321
422,322
422,421
423,322
423,323
423,422
424,323
424,324
424,423
425,324
425,325
425,424
426,325
426,326
426,425
427,326
427,327
427,426
428,327
428,328
428,427
429,328
429,329
429,428
430,329
430,330
430,429
431,330
431,331
431,430
432,331
432,332
432,431
433,332
433,333
433,432
434,333
434,334
434,433
435,334
435,335
435,434
436,335
436,336
436,435
437,336
437,337
437,436
438,337
438,338
438,437
439,338
439,339
439,438
440,339
440,340
440,439
441,340
441,341
441,440
442,341
442,342
442,441
443,342
443,343
443,442
444,343
444,344
444,443
445,344
445,345
445,444
446,345
446,346
446,445
447,346
447,347
447,446
448,347
448,348
448,447
449,348
449,349
449,448
450,349
450,350
450,449
451,350
451,351
451,450
452,351
452,352
452,451
453,352
453,353
453,452
454,353
454,354
454,453
455,354
455,355
455,454
456,355
456,356
456,455
457,356
457,357
457,456
458,357
458,358
458,457
459,358
459,359
459,458
460,359
460,360
460,459
461,360
461,361
461,460
462,361
462,362
462,461
463,362
463,363
463,462
464,363
464,364
464,463
465,364
465,365
465,464
466,365
466,366
466,465
467,366
467,367
467,466
468,367
468,368
468,467
469,368
469,369
469,468
470,369
470,370
470,469
471,370
471,371
471,470
472,371
472,372
472,471
473,372
473,373
473,472
474,373
474,374
474,473
475,374
475,375
475,474
476,375
476,376
476,475
477,376
477,377
477,476
478,377
478,378
478,477
479,378
479,379
479,478
480,379
480,380
480,479
481,380
481,381
481,480
482,381
482,382
482,481
483,382
483,383
483,482
484,383
484,384
484,483
485,384
485,385
485,484
486,385
486,386
486,485
487,386
487,387
487,486
488,387
488,388
488,487
489,388
489,389
489,488
490,389
490,390
490,489
491,390
491,391
491,490
492,391
492,392
492,491
493,392
493,393
493,492
494,393
494,394
494,493
495,394
495,395
495,494
496,395
496,396
496,495
497,396
497,397
497,496
498,397
498,398
498,497
499,398
499,399
499,498
500,400
500,401
501,401
501,402
501,500
502,402
502,403
502,501
503,403
503,404
503,502
504,404
504,405
504,503
505,405
505,406
505,504
506,406
506,407
506,505
507,407
507,408
507,506
508,408
508,409
508,507
509,409
509,410
509,508
510,410
510,411
510,509
511,411
511,412
511,510
512,412
512,413
512,511
513,413
513,414
513,512
514,414
514,415
514,513
515,415
515,416
515,514
516,416
516,417
516,515
517,417
517,418
517,516
518,418
518,419
518,517
519,419
519,420
519,518
520,420
520,421
520,519
521,421
521,422
521,520
522,422
522,423
522,521
523,423
523,424
523,522
524,424
524,425
524,523
525,425
525,426
525,524
526,426
526,427
526,525
527,427
527,428
527,526
528,428
528,429
528,527
529,429
529,430
529,528
530,430
530,431
530,529
531,431
531,432
531,530
532,432
532,433
532,531
533,433
533,434
533,532
534,434
534,435
534,533
535,435
535,436
535,534
536,436
536,437
536,535
537,437
537,438
537,536
538,438
538,439
538,537
539,439
539,440
539,538
540,440
540,441
540,539
541,441
541,442
541,540
542,442
542,443
542,541
543,443
543,444
543,542
544,444
544,445
544,543
545,445
545,446
545,544
546,446
546,447
546,545
547,447
547,448
547,546
548,448
548,449
548,547
549,449
549,450
549,548
550,450
550,451
550,549
551,451
551,452
551,550
552,452
552,453
552,551
553,453
553,454
553,552
554,454
554,455
554,553
555,455
555,456
555,554
556,456
556,457
556,555
557,457
557,458
557,556
558,458
558,459
558,557
559,459
559,460
559,558
560,460
560,461
560,559
561,461
561,462
561,560
562,462
562,463
562,561
563,463
563,464
563,562
564,464
564,465
564,563
565,465
565,466
565,564
566,466
566,467
566,565
567,467
567,468
567,566
568,468
568,469
568,567
569,469
569,470
569,568
570,470
570,471
570,569
571,471
571,472
571,570
572,472
572,473
572,571
573,473
573,474
573,572
574,474
574,475
574,573
575,475
575,476
575,574
576,476
576,477
576,575
577,477
577,478
577,576
578,478
578,479
578,577
579,479
579,480
579,578
580,480
580,481
580,579
581,481
581,482
581,580
582,482
582,483
582,581
583,483
583,484
583,582
584,484
584,485
584,583
585,485
585,486
585,584
586,486
586,487
586,585
587,487
587,488
587,586
588,488
588,489
588,587
589,489
589,490
589,588
590,490
590,491
590,589
591,491
591,492
591,590
592,492
592,493
592,591
593,493
593,494
593,592
594,494
594,495
594,593
595,495
595,496
595,594
596,496
596,497
596,595
597,497
597,498
597,596
598,498
598,499
598,597
599,499
599,598
600,500
601,500
601,501
601,600
602,501
602,502
602,601
603,502
603,503
603,602
604,503
604,504
604,603
605,504
605,505
605,604
606,505
606,506
606,605
607,506
607,507
607,606
608,507
608,508
608,607
609,508
609,509
609,608
610,509
610,510
610,609
611,510
611,511
611,610
612,511
612,512
612,611
613,512
613,513
613,612
614,513
614,514
614,613
615,514
615,515
615,614
616,515
616,516
616,615
617,516
617,517
617,616
618,517
618,518
618,617
619,518
619,519
619,618
620,519
620,520
620,619
621,520
621,521
621,620
622,521
622,522
622,621
623,522
623,523
623,622
624,523
624,524
624,623
625,524
625,525
625,624
626,525
626,526
626,625
627,526
627,527
627,626
628,527
628,528
628,627
629,528
629,529
629,628
630,529
630,530
630,629
631,530
631,531
631,630
632,531
632,532
632,631
633,532
633,533
633,632
634,533
634,534
634,633
635,534
635,535
635,634
636,535
636,536
636,635
637,536
637,537
637,636
638,537
638,538
638,637
639,538
639,539
639,638
640,539
640,540
640,639
641,540
641,541
641,640
642,541
642,542
642,641
643,542
643,543
643,642
644,543
644,544
644,643
645,544
645,545
645,644
646,545
646,546
646,645
647,546
647,547
647,646
648,547
648,548
648,647
649,548
649,549
649,648
650,549
650,550
650,649
651,550
651,551
651,650
652,551
652,552
652,651
653,552
653,553
653,652
654,553
654,554
654,653
655,554
655,555
655,654
656,555
656,556
656,655
657,556
657,557
657,656
658,557
658,558
658,657
659,558
659,559
659,658
660,559
660,560
660,659
661,560
661,561
661,660
662,561
662,562
662,661
663,562
663,563
663,662
664,563
664,564
664,663
665,564
665,565
665,664
666,565
666,566
666,665
667,566
667,567
667,666
668,567
668,568
668,667
669,568
669,569
669,668
670,569
670,570
670,669
671,570
671,571
671,670
672,571
672,572
672,671
673,572
673,573
673,672
674,573
674,574
674,673
675,574
675,575
675,674
676,575
676,576
676,675
677,576
677,577
677,676
678,577
678,578
678,677
679,578
679,579
679,678
680,579
680,580
680,679
681,580
681,581
681,680
682,581
682,582
682,681
683,582
683,583
683,682
684,583
684,584
684,683
685,584
685,585
685,684
686,585
686,586
686,685
687,586
687,587
687,686
688,587
688,588
688,687
689,588
689,589
689,688
690,589
690,590
690,689
691,590
691,591
691,690
692,591
692,592
692,691
693,592
693,593
693,692
694,593
694,594
694,693
695,594
695,595
695,694
696,595
696,596
696,695
697,596
697,597
697,696
698,597
698,598
698,697
699,598
699,599
699,698
700,600
700,601
701,601
701,602
701,700
702,602
702,603
702,701
703,603
703,604
703,702
704,604
704,605
704,703
705,605
705,606
705,704
706,606
706,607
706,705
707,607
707,608
707,706
708,608
708,609
708,707
709,609
709,610
709,708
710,610
710,611
710,709
711,611
711,612
711,710
712,612
712,613
712,711
713,613
713,614
713,712
714,614
714,615
714,713
715,615
715,616
715,714
716,616
716,617
716,715
717,617
717,618
717,716
718,618
718,619
718,717
719,619
719,620
719,718
720,620
720,621
720,719
721,621
721,622
721,720
722,622
722,623
722,721
723,623
723,624
723,722
724,624
724,625
724,723
725,625
725,626
725,724
726,626
726,627
726,725
727,627
727,628
727,726
728,628
728,629
728,727
729,629
729,630
729,728
730,630
730,631
730,729
731,631
731,632
731,730
732,632
732,633
732,731
733,633
733,634
733,732
734,634
734,635
734,733
735,635
735,636
735,734
736,636
736,637
736,735
737,637
737,638
737,736
738,638
738,639
738,737
739,639
739,640
739,738
740,640
740,641
740,739
741,641
741,642
741,740
742,642
742,643
742,741
743,643
743,644
743,742
744,644
744,645
744,743
745,645
745,646
745,744
746,646
746,647
746,745
747,647
747,648
747,746
748,648
748,649
748,747
749,649
749,650
749,748
750,650
750,651
750,749
751,651
751,652
751,750
752,652
752,653
752,751
753,653
753,654
753,752
754,654
754,655
754,753
755,655
755,656
755,754
756,656
756,657
756,755
757,657
757,658
757,756
758,658
758,659
758,757
759,659
759,660
759,758
760,660
760,661
760,759
761,661
761,662
761,760
762,662
762,663
762,761
763,663
763,664
763,762
764,664
764,665
764,763
765,665
765,666
765,764
766,666
766,667
766,765
767,667
767,668
767,766
768,668
768,669
768,767
769,669
769,670
769,768
770,670
770,671
770,769
771,671
771,672
771,770
772,672
772,673
772,771
773,673
773,674
773,772
774,674
774,675
774,773
775,675
775,676
775,774
776,676
776,677
776,775
777,677
777,678
777,776
778,678
778,679
778,777
779,679
779,680
779,778
780,680
780,681
780,779
781,681
781,682
781,780
782,682
782,683
782,781
783,683
783,684
783,782
784,684
784,685
784,783
785,685
785,686
785,784
786,686
786,687
786,785
787,687
787,688
787,786
788,688
788,689
788,787
789,689
789,690
789,788
790,690
790,691
790,789
791,691
791,692
791,790
792,692
792,693
792,791
793,693
793,694
793,792
794,694
794,695
794,793
795,695
795,696
795,794
796,696
796,697
796,795
797,697
797,698
797,796
798,698
798,699
798,797
799,699
799,798
800,700
801,700
801,701
801,800
802,701
802,702
802,801
803,702
803,703
803,802
804,703
804,704
804,803
805,704
805,705
805,804
806,705
806,706
806,805
807,706
807,707
807,806
808,707
808,708
808,807
809,708
809,709
809,808
810,709
810,710
810,809
811,710
811,711
811,810
812,711
812,712
812,811
813,712
813,713
813,812
814,713
814,714
814,813
815,714
815,715
815,814
816,715
816,716
816,815
817,716
817,717
817,816
818,717
818,718
818,817
819,718
819,719
819,818
820,719
820,720
820,819
821,720
821,721
821,820
822,721
822,722
822,821
823,722
823,723
823,822
824,723
824,724
824,823
825,724
825,725
825,824
826,725
826,726
826,825
827,726
827,727
827,826
828,727
828,728
828,827
829,728
829,729
829,828
830,729
830,730
830,829
831,730
831,731
831,830
832,731
832,732
832,831
833,732
833,733
833,832
834,733
834,734
834,833
835,734
835,735
835,834
836,735
836,736
836,835
837,736
837,737
837,836
838,737
838,738
838,837
839,738
839,739
839,838
840,739
840,740
840,839
841,740
841,741
841,840
842,741
842,742
842,841
843,742
843,743
843,842
844,743
844,744
844,843
845,744
845,745
845,844
846,745
846,746
846,845
847,746
847,747
847,846
848,747
848,748
848,847
849,748
849,749
849,848
850,749
850,750
850,849
851,750
851,751
851,850
852,751
852,752
852,851
853,752
853,753
853,852
854,753
854,754
854,853
855,754
855,755
855,854
856,755
856,756
856,855
857,756
857,757
857,856
858,757
858,758
858,857
859,758
859,759
859,858
860,759
860,760
860,859
861,760
861,761
861,860
862,761
862,762
862,861
863,762
863,763
863,862
864,763
864,764
864,863
865,764
865,765
865,864
866,765
866,766
866,865
867,766
867,767
867,866
868,767
868,768
868,867
869,768
869,769
869,868
870,769
870,770
870,869
871,770
871,771
871,870
872,771
872,772
872,871
873,772
873,773
873,872
874,773
874,774
874,873
875,774
875,775
875,874
876,775
876,776
876,875
877,776
877,777
877,876
878,777
878,778
878,877
879,778
879,779
879,878
880,779
880,780
880,879
881,780
881,781
881,880
882,781
882,782
882,881
883,782
883,783
883,882
884,783
884,784
884,883
885,784
885,785
885,884
886,785
886,786
886,885
887,786
887,787
887,886
888,787
888,788
888,887
889,788
889,789
889,888
890,789
890,790
890,889
891,790
891,791
891,890
892,791
892,792
892,891
893,792
893,793
893,892
894,793
894,794
894,893
895,794
895,795
895,894
896,795
896,796
896,895
897,796
897,797
897,896
898,797
898,798
898,897
899,798
899,799
899,898
900,800
900,801
901,801
901,802
901,900
902,802
902,803
902,901
903,803
903,804
903,902
904,804
904,805
904,903
905,805
905,806
905,904
906,806
906,807
906,905
907,807
907,808
907,906
908,808
908,809
908,907
909,809
909,810
909,908
910,810
910,811
910,909
911,811
911,812
911,910
912,812
912,813
912,911
913,813
913,814
913,912
914,814
914,815
914,913
915,815
915,816
915,914
916,816
916,817
916,915
917,817
917,818
917,916
918,818
918,819
918,917
919,819
919,820
919,918
920,820
920,821
920,919
921,821
921,822
921,920
922,822
922,823
922,921
923,823
923,824
923,922
924,824
924,825
924,923
925,825
925,826
925,924
926,826
926,827
926,925
927,827
927,828
927,926
928,828
928,829
928,927
929,829
929,830
929,928
930,830
930,831
930,929
931,831
931,832
931,930
932,832
932,833
932,931
933,833
933,834
933,932
934,834
934,835
934,933
935,835
935,836
935,934
936,836
936,837
936,935
937,837
937,838
937,936
938,838
938,839
938,937
939,839
939,840
939,938
940,840
940,841
940,939
941,841
941,842
941,940
942,842
942,843
942,941
943,843
943,844
943,942
944,844
944,845
944,943
945,845
945,846
945,944
946,846
946,847
946,945
947,847
947,848
947,946
948,848
948,849
948,947
949,849
949,850
949,948
950,850
950,851
950,949
951,851
951,852
951,950
952,852
952,853
952,951
953,853
953,854
953,952
954,854
954,855
954,953
955,855
955,856
955,954
956,856
956,857
956,955
957,857
957,858
957,956
958,858
958,859
958,957
959,859
959,860
959,958
960,860
960,861
960,959
961,861
961,862
961,960
962,862
962,863
962,961
963,863
963,864
963,962
964,864
964,865
964,963
965,865
965,866
965,964
966,866
966,867
966,965
967,867
967,868
967,966
968,868
968,869
968,967
969,869
969,870
969,968
970,870
970,871
970,969
971,871
971,872
971,970
972,872
972,873
972,971
973,873
973,874
973,972
974,874
974,875
974,973
975,875
975,876
975,974
976,876
976,877
976,975
977,877
977,878
977,976
978,878
978,879
978,977
979,879
979,880
979,978
980,880
980,881
980,979
981,881
981,882
981,980
982,882
982,883
982,981
983,883
983,884
983,982
984,884
984,885
984,983
985,885
985,886
985,984
986,886
986,887
986,985
987,887
987,888
987,986
988,888
988,889
988,987
989,889
989,890
989,988
990,890
990,891
990,989
991,891
991,892
991,990
992,892
992,893
992,991
993,893
993,894
993,992
994,894
994,895
994,993
995,895
995,896
995,994
996,896
996,897
996,995
997,897
997,898
997,996
998,898
998,899
998,997
999,899
999,998
2565
0,100,1,101
1,101,2,102
2,102,3,103
3,103,4,104
4,104,5,105
5,105,6,106
6,106,7,107
7,107,8,108
8,108,9,109
9,109,10,110
10,110,11,111
11,111,12,112
12,112,13,113
13,113,14,114
14,114,15,115
15,115,16,116
16,116,17,117
17,117,18,118
18,118,19,119
19,119,20,120
20,120,21,121
21,121,22,122
22,122,23,123
23,123,24,124
24,124,25,125
25,125,26,126
26,126,27,127
27,127,28,128
28,128,29,129
29,129,30,130
30,130,31,131
31,131,32,132
32,132,33,133
33,133,34,134
34,134,35,135
35,135,36,136
36,136,37,137
37,137,38,138
38,138,39,139
39,139,40,140
40,140,41,141
41,141,42,142
42,142,43,143
43,143,44,144
44,144,45,145
45,145,46,146
46,146,47,147
47,147,48,148
48,148,49,149
49,149,50,150
50,150,51,151
51,151,52,152
52,152,53,153
53,153,54,154
54,154,55,155
55,155,56,156
56,156,57,157
57,157,58,158
58,158,59,159
59,159,60,160
60,160,61,161
61,161,62,162
62,162,63,163
63,163,64,164
64,164,65,165
65,165,66,166
66,166,67,167
67,167,68,168
68,168,69,169
69,169,70,170
70,170,71,171
71,171,72,172
72,172,73,173
73,173,74,174
74,174,75,175
75,175,76,176
76,176,77,177
77,177,78,178
78,178,79,179
79,179,80,180
80,180,81,181
81,181,82,182
82,182,83,183
83,183,84,184
84,184,85,185
85,185,86,186
86,186,87,187
87,187,88,188
88,188,89,189
89,189,90,190
90,190,91,191
91,191,92,192
92,192,93,193
93,193,94,194
94,194,95,195
95,195,96,196
96,196,97,197
97,197,98,198
98,198,99,199
100,201,101,202
101,202,102,203
102,203,103,204
103,204,104,205
104,205,105,206
105,206,106,207
106,207,107,208
107,208,108,209
108,209,109,210
109,210,110,211
110,211,111,212
111,212,112,213
112,213,113,214
113,214,114,215
114,215,115,216
115,216,116,217
116,217,117,218
117,218,118,219
118,219,119,220
119,220,120,221
120,221,121,222
121,222,122,223
122,223,123,224
123,224,124,225
124,225,125,226
125,226,126,227
126,227,127,228
127,228,128,229
128,229,129,230
129,230,130,231
130,231,131,232
131,232,132,233
132,233,133,234
133,234,134,235
134,235,135,236
135,236,136,237
136,237,137,238
137,238,138,239
138,239,139,240
139,240,140,241
140,241,141,242
141,242,142,243
142,243,143,244
143,244,144,245
144,245,145,246
145,246,146,247
146,247,147,248
147,248,148,249
148,249,149,250
149,250,150,251
150,251,151,252
151,252,152,253
152,253,153,254
153,254,154,255
154,255,155,256
155,256,156,257
156,257,157,258
157,258,158,259
158,259,159,260
159,260,160,261
160,261,161,262
161,262,162,263
162,263,163,264
163,264,164,265
164,265,165,266
165,266,166,267
166,267,167,268
167,268,168,269
168,269,169,270
169,270,170,271
170,271,171,272
171,272,172,273
172,273,173,274
173,274,174,275
174,275,175,276
175,276,176,277
176,277,177,278
177,278,178,279
178,279,179,280
179,280,180,281
180,281,181,282
181,282,182,283
182,283,183,284
183,284,184,285
184,285,185,286
185,286,186,287
186,287,187,288
187,288,188,289
188,289,189,290
189,290,190,291
190,291,191,292
191,292,192,293
192,293,193,294
193,294,194,295
194,295,195,296
195,296,196,297
196,297,197,298
197,298,198,299
200,300,201,301
201,301,202,302
202,302,203,303
203,303,204,304
204,304,205,305
205,305,206,306
206,306,207,307
207,307,208,308
208,308,209,309
209,309,210,310
210,310,211,311
211,311,212,312
212,312,213,313
213,313,214,314
214,314,215,315
215,315,216,316
216,316,217,317
217,317,218,318
218,318,219,319
219,319,220,320
220,320,221,321
221,321,222,322
222,322,223,323
223,323,224,324
224,324,225,325
225,325,226,326
226,326,227,327
227,327,228,328
228,328,229,329
229,329,230,330
230,330,231,331
231,331,232,332
232,332,233,333
233,333,234,334
234,334,235,335
235,335,236,336
236,336,237,337
237,337,238,338
238,338,239,339
239,339,240,340
240,340,241,341
241,341,242,342
242,342,243,343
243,343,244,344
244,344,245,345
245,345,246,346
246,346,247,347
247,347,248,348
248,348,249,349
249,349,250,350
250,350,251,351
251,351,252,352
252,352,253,353
253,353,254,354
254,354,255,355
255,355,256,356
256,356,257,357
257,357,258,358
258,358,259,359
259,359,260,360
260,360,261,361
261,361,262,362
262,362,263,363
263,363,264,364
264,364,265,365
265,365,266,366
266,366,267,367
267,367,268,368
268,368,269,369
269,369,270,370
270,370,271,371
271,371,272,372
272,372,273,373
273,373,274,374
274,374,275,375
275,375,276,376
276,376,277,377
277,377,278,378
278,378,279,379
279,379,280,380
280,380,281,381
281,381,282,382
282,382,283,383
283,383,284,384
284,384,285,385
285,385,286,386
286,386,287,387
287,387,288,388
288,388,289,389
289,389,290,390
290,390,291,391
291,391,292,392
292,392,293,393
293,393,294,394
294,394,295,395
295,395,296,396
296,396,297,397
297,397,298,398
298,398,299,399
300,401,301,402
301,402,302,403
302,403,303,404
303,404,304,405
304,405,305,406
305,406,306,407
306,407,307,408
307,408,308,409
308,409,309,410
309,410,310,411
310,411,311,412
311,412,312,413
312,413,313,414
313,414,314,415
314,415,315,416
315,416,316,417
316,417,317,418
317,418,318,419
318,419,319,420
319,420,320,421
320,421,321,422
321,422,322,423
322,423,323,424
323,424,324,425
324,425,325,426
325,426,326,427
326,427,327,428
327,428,328,429
328,429,329,430
329,430,330,431
330,431,331,432
331,432,332,433
332,433,333,434
333,434,334,435
334,435,335,436
335,436,336,437
336,437,337,438
337,438,338,439
338,439,339,440
339,440,340,441
340,441,341,442
341,442,342,443
342,443,343,444
343,444,344,445
344,445,345,446
345,446,346,447
346,447,347,448
347,448,348,449
348,449,349,450
349,450,350,451
350,451,351,452
351,452,352,453
352,453,353,454
353,454,354,455
354,455,355,456
355,456,356,457
356,457,357,458
357,458,358,459
358,459,359,460
359,460,360,461
360,461,361,462
361,462,362,463
362,463,363,464
363,464,364,465
364,465,365,466
365,466,366,467
366,467,367,468
367,468,368,469
368,469,369,470
369,470,370,471
370,471,371,472
371,472,372,473
372,473,373,474
373,474,374,475
374,475,375,476
375,476,376,477
376,477,377,478
377,478,378,479
378,479,379,480
379,480,380,481
380,481,381,482
381,482,382,483
382,483,383,484
383,484,384,485
384,485,385,486
385,486,386,487
386,487,387,488
387,488,388,489
388,489,389,490
389,490,390,491
390,491,391,492
391,492,392,493
392,493,393,494
393,494,394,495
394,495,395,496
395,496,396,497
396,497,397,498
397,498,398,499
400,500,401,501
401,501,402,502
402,502,403,503
403,503,404,504
404,504,405,505
405,505,406,506
406,506,407,507
407,507,408,508
408,508,409,509
409,509,410,510
410,510,411,511
411,511,412,512
412,512,413,513
413,513,414,514
414,514,415,515
415,515,416,516
416,516,417,517
417,517,418,518
418,518,419,519
419,519,420,520
420,520,421,521
421,521,422,522
422,522,423,523
423,523,424,524
424,524,425,525
425,525,426,526
426,526,427,527
427,527,428,528
428,528,429,529
429,529,430,530
430,530,431,531
431,531,432,532
432,532,433,533
433,533,434,534
434,534,435,535
435,535,436,536
436,536,437,537
437,537,438,538
438,538,439,539
439,539,440,540
440,540,441,541
441,541,442,542
442,542,443,543
443,543,444,544
444,544,445,545
445,545,446,546
446,546,447,547
447,547,448,548
448,548,449,549
449,549,450,550
450,550,451,551
451,551,452,552
452,552,453,553
453,553,454,554
454,554,455,555
455,555,456,556
456,556,457,557
457,557,458,558
458,558,459,559
459,559,460,560
460,560,461,561
461,561,462,562
462,562,463,563
463,563,464,564
464,564,465,565
465,565,466,566
466,566,467,567
467,567,468,568
468,568,469,569
469,569,470,570
470,570,471,571
471,571,472,572
472,572,473,573
473,573,474,574
474,574,475,575
475,575,476,576
476,576,477,577
477,577,478,578
478,578,479,579
479,579,480,580
480,580,481,581
481,581,482,582
482,582,483,583
483,583,484,584
484,584,485,585
485,585,486,586
486,586,487,587
487,587,488,588
488,588,489,589
489,589,490,590
490,590,491,591
491,591,492,592
492,592,493,593
493,593,494,594
494,594,495,595
495,595,496,596
496,596,497,597
497,597,498,598
498,598,499,599
500,601,501,602
501,602,502,603
502,603,503,604
503,604,504,605
504,605,505,606
505,606,506,607
506,607,507,608
507,608,508,609
508,609,509,610
509,610,510,611
510,611,511,612
511,612,512,613
512,613,513,614
513,614,514,615
514,615,515,616
515,616,516,617
516,617,517,618
517,618,518,619
518,619,519,620
519,620,520,621
520,621,521,622
521,622,522,623
522,623,523,624
523,624,524,625
524,625,525,626
525,626,526,627
526,627,527,628
527,628,528,629
528,629,529,630
529,630,530,631
530,631,531,632
531,632,532,633
532,633,533,634
533,634,534,635
534,635,535,636
535,636,536,637
536,637,537,638
537,638,538,639
538,639,539,640
539,640,540,641
540,641,541,642
541,642,542,643
542,643,543,644
543,644,544,645
544,645,545,646
545,646,546,647
546,647,547,648
547,648,548,649
548,649,549,650
549,650,550,651
550,651,551,652
551,652,552,653
552,653,553,654
553,654,554,655
554,655,555,656
555,656,556,657
556,657,557,658
557,658,558,659
558,659,559,660
559,660,560,661
560,661,561,662
561,662,562,663
562,663,563,664
563,664,564,665
564,665,565,666
565,666,566,667
566,667,567,668
567,668,568,669
568,669,569,670
569,670,570,671
570,671,571,672
571,672,572,673
572,673,573,674
573,674,574,675
574,675,575,676
575,676,576,677
576,677,577,678
577,678,578,679
578,679,579,680
579,680,580,681
580,681,581,682
581,682,582,683
582,683,583,684
583,684,584,685
584,685,585,686
585,686,586,687
586,687,587,688
587,688,588,689
588,689,589,690
589,690,590,691
590,691,591,692
591,692,592,693
592,693,593,694
593,694,594,695
594,695,595,696
595,696,596,697
596,697,597,698
597,698,598,699
600,700,601,701
601,701,602,702
602,702,603,703
603,703,604,704
604,704,605,705
605,705,606,706
606,706,607,707
607,707,608,708
608,708,609,709
609,709,610,710
610,710,611,711
611,711,612,712
612,712,613,713
613,713,614,714
614,714,615,715
615,715,616,716
616,716,617,717
617,717,618,718
618,718,619,719
619,719,620,720
620,720,621,721
621,721,622,722
622,722,623,723
623,723,624,724
624,724,625,725
625,725,626,726
626,726,627,727
627,727,628,728
628,728,629,729
629,729,630,730
630,730,631,731
631,731,632,732
632,732,633,733
633,733,634,734
634,734,635,735
635,735,636,736
636,736,637,737
637,737,638,738
638,738,639,739
639,739,640,740
640,740,641,741
641,741,642,742
642,742,643,743
643,743,644,744
644,744,645,745
645,745,646,746
646,746,647,747
647,747,648,748
648,748,649,749
649,749,650,750
650,750,651,751
651,751,652,752
652,752,653,753
653,753,654,754
654,754,655,755
655,755,656,756
656,756,657,757
657,757,658,758
658,758,659,759
659,759,660,760
660,760,661,761
661,761,662,762
662,762,663,763
663,763,664,764
664,764,665,765
665,765,666,766
666,766,667,767
667,767,668,768
668,768,669,769
669,769,670,770
670,770,671,771
671,771,672,772
672,772,673,773
673,773,674,774
674,774,675,775
675,775,676,776
676,776,677,777
677,777,678,778
678,778,679,779
679,779,680,780
680,780,681,781
681,781,682,782
682,782,683,783
683,783,684,784
684,784,685,785
685,785,686,786
686,786,687,787
687,787,688,788
688,788,689,789
689,789,690,790
690,790,691,791
691,791,692,792
692,792,693,793
693,793,694,794
694,794,695,795
695,795,696,796
696,796,697,797
697,797,698,798
698,798,699,799
700,801,701,802
701,802,702,803
702,803,703,804
703,804,704,805
704,805,705,806
705,806,706,807
706,807,707,808
707,808,708,809
708,809,709,810
709,810,710,811
710,811,711,812
711,812,712,813
712,813,713,814
713,814,714,815
714,815,715,816
715,816,716,817
716,817,717,818
717,818,718,819
718,819,719,820
719,820,720,821
720,821,721,822
721,822,722,823
722,823,723,824
723,824,724,825
724,825,725,826
725,826,726,827
726,827,727,828
727,828,728,829
728,829,729,830
729,830,730,831
730,831,731,832
731,832,732,833
732,833,733,834
733,834,734,835
734,835,735,836
735,836,736,837
736,837,737,838
737,838,738,839
738,839,739,840
739,840,740,841
740,841,741,842
741,842,742,843
742,843,743,844
743,844,744,845
744,845,745,846
745,846,746,847
746,847,747,848
747,848,748,849
748,849,749,850
749,850,750,851
750,851,751,852
751,852,752,853
752,853,753,854
753,854,754,855
754,855,755,856
755,856,756,857
756,857,757,858
757,858,758,859
758,859,759,860
759,860,760,861
760,861,761,862
761,862,762,863
762,863,763,864
763,864,764,865
764,865,765,866
765,866,766,867
766,867,767,868
767,868,768,869
768,869,769,870
769,870,770,871
770,871,771,872
771,872,772,873
772,873,773,874
773,874,774,875
774,875,775,876
775,876,776,877
776,877,777,878
777,878,778,879
778,879,779,880
779,880,780,881
780,881,781,882
781,882,782,883
782,883,783,884
783,884,784,885
784,885,785,886
785,886,786,887
786,887,787,888
787,888,788,889
788,889,789,890
789,890,790,891
790,891,791,892
791,892,792,893
792,893,793,894
793,894,794,895
794,895,795,896
795,896,796,897
796,897,797,898
797,898,798,899
800,900,801,901
801,901,802,902
802,902,803,903
803,903,804,904
804,904,805,905
805,905,806,906
806,906,807,907
807,907,808,908
808,908,809,909
809,909,810,910
810,910,811,911
811,911,812,912
812,912,813,913
813,913,814,914
814,914,815,915
815,915,816,916
816,916,817,917
817,917,818,918
818,918,819,919
819,919,820,920
820,920,821,921
821,921,822,922
822,922,823,923
823,923,824,924
824,924,825,925
825,925,826,926
826,926,827,927
827,927,828,928
828,928,829,929
829,929,830,930
830,930,831,931
831,931,832,932
832,932,833,933
833,933,834,934
834,934,835,935
835,935,836,936
836,936,837,937
837,937,838,938
838,938,839,939
839,939,840,940
840,940,841,941
841,941,842,942
842,942,843,943
843,943,844,944
844,944,845,945
845,945,846,946
846,946,847,947
847,947,848,948
848,948,849,949
849,949,850,950
850,950,851,951
851,951,852,952
852,952,853,953
853,953,854,954
854,954,855,955
855,955,856,956
856,956,857,957
857,957,858,958
858,958,859,959
859,959,860,960
860,960,861,961
861,961,862,962
862,962,863,963
863,963,864,964
864,964,865,965
865,965,866,966
866,966,867,967
867,967,868,968
868,968,869,969
869,969,870,970
870,970,871,971
871,971,872,972
872,972,873,973
873,973,874,974
874,974,875,975
875,975,876,976
876,976,877,977
877,977,878,978
878,978,879,979
879,979,880,980
880,980,881,981
881,981,882,982
882,982,883,983
883,983,884,984
884,984,885,985
885,985,886,986
886,986,887,987
887,987,888,988
888,988,889,989
889,989,890,990
890,990,891,991
891,991,892,992
892,992,893,993
893,993,894,994
894,994,895,995
895,995,896,996
896,996,897,997
897,997,898,998
898,998,899,999
100,1,101,2
101,2,102,3
102,3,103,4
103,4,104,5
104,5,105,6
105,6,106,7
106,7,107,8
107,8,108,9
108,9,109,10
109,10,110,11
110,11,111,12
111,12,112,13
112,13,113,14
113,14,114,15
114,15,115,16
115,16,116,17
116,17,117,18
117,18,118,19
118,19,119,20
119,20,120,21
120,21,121,22
121,22,122,23
122,23,123,24
123,24,124,25
124,25,125,26
125,26,126,27
126,27,127,28
127,28,128,29
128,29,129,30
129,30,130,31
130,31,131,32
131,32,132,33
132,33,133,34
133,34,134,35
134,35,135,36
135,36,136,37
136,37,137,38
137,38,138,39
138,39,139,40
139,40,140,41
140,41,141,42
141,42,142,43
142,43,143,44
143,44,144,45
144,45,145,46
145,46,146,47
146,47,147,48
147,48,148,49
148,49,149,50
149,50,150,51
150,51,151,52
151,52,152,53
152,53,153,54
153,54,154,55
154,55,155,56
155,56,156,57
156,57,157,58
157,58,158,59
158,59,159,60
159,60,160,61
160,61,161,62
161,62,162,63
162,63,163,64
163,64,164,65
164,65,165,66
165,66,166,67
166,67,167,68
167,68,168,69
168,69,169,70
169,70,170,71
170,71,171,72
171,72,172,73
172,73,173,74
173,74,174,75
174,75,175,76
175,76,176,77
176,77,177,78
177,78,178,79
178,79,179,80
179,80,180,81
180,81,181,82
181,82,182,83
182,83,183,84
183,84,184,85
184,85,185,86
185,86,186,87
186,87,187,88
187,88,188,89
188,89,189,90
189,90,190,91
190,91,191,92
191,92,192,93
192,93,193,94
193,94,194,95
194,95,195,96
195,96,196,97
196,97,197,98
197,98,198,99
200,100,201,101
201,101,202,102
202,102,203,103
203,103,204,104
204,104,205,105
205,105,206,106
206,106,207,107
207,107,208,108
208,108,209,109
209,109,210,110
210,110,211,111
211,111,212,112
212,112,213,113
213,113,214,114
214,114,215,115
215,115,216,116
216,116,217,117
217,117,218,118
218,118,219,119
219,119,220,120
220,120,221,121
221,121,222,122
222,122,223,123
223,123,224,124
224,124,225,125
225,125,226,126
226,126,227,127
227,127,228,128
228,128,229,129
229,129,230,130
230,130,231,131
231,131,232,132
232,132,233,133
233,133,234,134
234,134,235,135
235,135,236,136
236,136,237,137
237,137,238,138
238,138,239,139
239,139,240,140
240,140,241,141
241,141,242,142
242,142,243,143
243,143,244,144
244,144,245,145
245,145,246,146
246,146,247,147
247,147,248,148
248,148,249,149
249,149,250,150
250,150,251,151
251,151,252,152
252,152,253,153
253,153,254,154
254,154,255,155
255,155,256,156
256,156,257,157
257,157,258,158
258,158,259,159
259,159,260,160
260,160,261,161
261,161,262,162
262,162,263,163
263,163,264,164
264,164,265,165
265,165,266,166
266,166,267,167
267,167,268,168
268,168,269,169
269,169,270,170
270,170,271,171
271,171,272,172
272,172,273,173
273,173,274,174
274,174,275,175
275,175,276,176
276,176,277,177
277,177,278,178
278,178,279,179
279,179,280,180
280,180,281,181
281,181,282,182
282,182,283,183
283,183,284,184
284,184,285,185
285,185,286,186
286,186,287,187
287,187,288,188
288,188,289,189
289,189,290,190
290,190,291,191
291,191,292,192
292,192,293,193
293,193,294,194
294,194,295,195
295,195,296,196
296,196,297,197
297,197,298,198
298,198,299,199
300,201,301,202
301,202,302,203
302,203,303,204
303,204,304,205
304,205,305,206
305,206,306,207
306,207,307,208
307,208,308,209
308,209,309,210
309,210,310,211
310,211,311,212
311,212,312,213
312,213,313,214
313,214,314,215
314,215,315,216
315,216,316,217
316,217,317,218
317,218,318,219
318,219,319,220
319,220,320,221
320,221,321,222
321,222,322,223
322,223,323,224
323,224,324,225
324,225,325,226
325,226,326,227
326,227,327,228
327,228,328,229
328,229,329,230
329,230,330,231
330,231,331,232
331,232,332,233
332,233,333,234
333,234,334,235
334,235,335,236
335,236,336,237
336,237,337,238
337,238,338,239
338,239,339,240
339,240,340,241
340,241,341,242
341,242,342,243
342,243,343,244
343,244,344,245
344,245,345,246
345,246,346,247
346,247,347,248
347,248,348,249
348,249,349,250
349,250,350,251
350,251,351,252
351,252,352,253
352,253,353,254
353,254,354,255
354,255,355,256
355,256,356,257
356,257,357,258
357,258,358,259
358,259,359,260
359,260,360,261
360,261,361,262
361,262,362,263
362,263,363,264
363,264,364,265
364,265,365,266
365,266,366,267
366,267,367,268
367,268,368,269
368,269,369,270
369,270,370,271
370,271,371,272
371,272,372,273
372,273,373,274
373,274,374,275
374,275,375,276
375,276,376,277
376,277,377,278
377,278,378,279
378,279,379,280
379,280,380,281
380,281,381,282
381,282,382,283
382,283,383,284
383,284,384,285
384,285,385,286
385,286,386,287
386,287,387,288
387,288,388,289
388,289,389,290
389,290,390,291
390,291,391,292
391,292,392,293
392,293,393,294
393,294,394,295
394,295,395,296
395,296,396,297
396,297,397,298
397,298,398,299
400,300,401,301
401,301,402,302
402,302,403,303
403,303,404,304
404,304,405,305
405,305,406,306
406,306,407,307
407,307,408,308
408,308,409,309
409,309,410,310
410,310,411,311
411,311,412,312
412,312,413,313
413,313,414,314
414,314,415,315
415,315,416,316
416,316,417,317
417,317,418,318
418,318,419,319
419,319,420,320
420,320,421,321
421,321,422,322
422,322,423,323
423,323,424,324
424,324,425,325
425,325,426,326
426,326,427,327
427,327,428,328
428,328,429,329
429,329,430,330
430,330,431,331
431,331,432,332
432,332,433,333
433,333,434,334
434,334,435,335
435,335,436,336
436,336,437,337
437,337,438,338
438,338,439,339
439,339,440,340
440,340,441,341
441,341,442,342
442,342,443,343
443,343,444,344
444,344,445,345
445,345,446,346
446,346,447,347
447,347,448,348
448,348,449,349
449,349,450,350
450,350,451,351
451,351,452,352
452,352,453,353
453,353,454,354
454,354,455,355
455,355,456,356
456,356,457,357
457,357,458,358
458,358,459,359
459,359,460,360
460,360,461,361
461,361,462,362
462,362,463,363
463,363,464,364
464,364,465,365
465,365,466,366
466,366,467,367
467,367,468,368
468,368,469,369
469,369,470,370
470,370,471,371
471,371,472,372
472,372,473,373
473,373,474,374
474,374,475,375
475,375,476,376
476,376,477,377
477,377,478,378
478,378,479,379
479,379,480,380
480,380,481,381
481,381,482,382
482,382,483,383
483,383,484,384
484,384,485,385
485,385,486,386
486,386,487,387
487,387,488,388
488,388,489,389
489,389,490,390
490,390,491,391
491,391,492,392
492,392,493,393
493,393,494,394
494,394,495,395
495,395,496,396
496,396,497,397
497,397,498,398
498,398,499,399
500,401,501,402
501,402,502,403
502,403,503,404
503,404,504,405
504,405,505,406
505,406,506,407
506,407,507,408
507,408,508,409
508,409,509,410
509,410,510,411
510,411,511,412
511,412,512,413
512,413,513,414
513,414,514,415
514,415,515,416
515,416,516,417
516,417,517,418
517,418,518,419
518,419,519,420
519,420,520,421
520,421,521,422
521,422,522,423
522,423,523,424
523,424,524,425
524,425,525,426
525,426,526,427
526,427,527,428
527,428,528,429
528,429,529,430
529,430,530,431
530,431,531,432
531,432,532,433
532,433,533,434
533,434,534,435
534,435,535,436
535,436,536,437
536,437,537,438
537,438,538,439
538,439,539,440
539,440,540,441
540,441,541,442
541,442,542,443
542,443,543,444
543,444,544,445
544,445,545,446
545,446,546,447
546,447,547,448
547,448,548,449
548,449,549,450
549,450,550,451
550,451,551,452
551,452,552,453
552,453,553,454
553,454,554,455
554,455,555,456
555,456,556,457
556,457,557,458
557,458,558,459
558,459,559,460
559,460,560,461
560,461,561,462
561,462,562,463
562,463,563,464
563,464,564,465
564,465,565,466
565,466,566,467
566,467,567,468
567,468,568,469
568,469,569,470
569,470,570,471
570,471,571,472
571,472,572,473
572,473,573,474
573,474,574,475
574,475,575,476
575,476,576,477
576,477,577,478
577,478,578,479
578,479,579,480
579,480,580,481
580,481,581,482
581,482,582,483
582,483,583,484
583,484,584,485
584,485,585,486
585,486,586,487
586,487,587,488
587,488,588,489
588,489,589,490
589,490,590,491
590,491,591,492
591,492,592,493
592,493,593,494
593,494,594,495
594,495,595,496
595,496,596,497
596,497,597,498
597,498,598,499
600,500,601,501
601,501,602,502
602,502,603,503
603,503,604,504
604,504,605,505
605,505,606,506
606,506,607,507
607,507,608,508
608,508,609,509
609,509,610,510
610,510,611,511
611,511,612,512
612,512,613,513
613,513,614,514
614,514,615,515
615,515,616,516
616,516,617,517
617,517,618,518
618,518,619,519
619,519,620,520
620,520,621,521
621,521,622,522
622,522,623,523
623,523,624,524
624,524,625,525
625,525,626,526
626,526,627,527
627,527,628,528
628,528,629,529
629,529,630,530
630,530,631,531
631,531,632,532
632,532,633,533
633,533,634,534
634,534,635,535
635,535,636,536
636,536,637,537
637,537,638,538
638,538,639,539
639,539,640,540
640,540,641,541
641,541,642,542
642,542,643,543
643,543,644,544
644,544,645,545
645,545,646,546
646,546,647,547
647,547,648,548
648,548,649,549
649,549,650,550
650,550,651,551
651,551,652,552
652,552,653,553
653,553,654,554
654,554,655,555
655,555,656,556
656,556,657,557
657,557,658,558
658,558,659,559
659,559,660,560
660,560,661,561
661,561,662,562
662,562,663,563
663,563,664,564
664,564,665,565
665,565,666,566
666,566,667,567
667,567,668,568
668,568,669,569
669,569,670,570
670,570,671,571
671,571,672,572
672,572,673,573
673,573,674,574
674,574,675,575
675,575,676,576
676,576,677,577
677,577,678,578
678,578,679,579
679,579,680,580
680,580,681,581
681,581,682,582
682,582,683,583
683,583,684,584
684,584,685,585
685,585,686,586
686,586,687,587
687,587,688,588
688,588,689,589
689,589,690,590
690,590,691,591
691,591,692,592
692,592,693,593
693,593,694,594
694,594,695,595
695,595,696,596
696,596,697,597
697,597,698,598
698,598,699,599
700,601,701,602
701,602,702,603
702,603,703,604
703,604,704,605
704,605,705,606
705,606,706,607
706,607,707,608
707,608,708,609
708,609,709,610
709,610,710,611
710,611,711,612
711,612,712,613
712,613,713,614
713,614,714,615
714,615,715,616
715,616,716,617
716,617,717,618
717,618,718,619
718,619,719,620
719,620,720,621
720,621,721,622
721,622,722,623
722,623,723,624
723,624,724,625
724,625,725,626
725,626,726,627
726,627,727,628
727,628,728,629
728,629,729,630
729,630,730,631
730,631,731,632
731,632,732,633
732,633,733,634
733,634,734,635
734,635,735,636
735,636,736,637
736,637,737,638
737,638,738,639
738,639,739,640
739,640,740,641
740,641,741,642
741,642,742,643
742,643,743,644
743,644,744,645
744,645,745,646
745,646,746,647
746,647,747,648
747,648,748,649
748,649,749,650
749,650,750,651
750,651,751,652
751,652,752,653
752,653,753,654
753,654,754,655
754,655,755,656
755,656,756,657
756,657,757,658
757,658,758,659
758,659,759,660
759,660,760,661
760,661,761,662
761,662,762,663
762,663,763,664
763,664,764,665
764,665,765,666
765,666,766,667
766,667,767,668
767,668,768,669
768,669,769,670
769,670,770,671
770,671,771,672
771,672,772,673
772,673,773,674
773,674,774,675
774,675,775,676
775,676,776,677
776,677,777,678
777,678,778,679
778,679,779,680
779,680,780,681
780,681,781,682
781,682,782,683
782,683,783,684
783,684,784,685
784,685,785,686
785,686,786,687
786,687,787,688
787,688,788,689
788,689,789,690
789,690,790,691
790,691,791,692
791,692,792,693
792,693,793,694
793,694,794,695
794,695,795,696
795,696,796,697
796,697,797,698
797,698,798,699
800,700,801,701
801,701,802,702
802,702,803,703
803,703,804,704
804,704,805,705
805,705,806,706
806,706,807,707
807,707,808,708
808,708,809,709
809,709,810,710
810,710,811,711
811,711,812,712
812,712,813,713
813,713,814,714
814,714,815,715
815,715,816,716
816,716,817,717
817,717,818,718
818,718,819,719
819,719,820,720
820,720,821,721
821,721,822,722
822,722,823,723
823,723,824,724
824,724,825,725
825,725,826,726
826,726,827,727
827,727,828,728
828,728,829,729
829,729,830,730
830,730,831,731
831,731,832,732
832,732,833,733
833,733,834,734
834,734,835,735
835,735,836,736
836,736,837,737
837,737,838,738
838,738,839,739
839,739,840,740
840,740,841,741
841,741,842,742
842,742,843,743
843,743,844,744
844,744,845,745
845,745,846,746
846,746,847,747
847,747,848,748
848,748,849,749
849,749,850,750
850,750,851,751
851,751,852,752
852,752,853,753
853,753,854,754
854,754,855,755
855,755,856,756
856,756,857,757
857,757,858,758
858,758,859,759
859,759,860,760
860,760,861,761
861,761,862,762
862,762,863,763
863,763,864,764
864,764,865,765
865,765,866,766
866,766,867,767
867,767,868,768
868,768,869,769
869,769,870,770
870,770,871,771
871,771,872,772
872,772,873,773
873,773,874,774
874,774,875,775
875,775,876,776
876,776,877,777
877,777,878,778
878,778,879,779
879,779,880,780
880,780,881,781
881,781,882,782
882,782,883,783
883,783,884,784
884,784,885,785
885,785,886,786
886,786,887,787
887,787,888,788
888,788,889,789
889,789,890,790
890,790,891,791
891,791,892,792
892,792,893,793
893,793,894,794
894,794,895,795
895,795,896,796
896,796,897,797
897,797,898,798
898,798,899,799
900,801,901,802
901,802,902,803
902,803,903,804
903,804,904,805
904,805,905,806
905,806,906,807
906,807,907,808
907,808,908,809
908,809,909,810
909,810,910,811
910,811,911,812
911,812,912,813
912,813,913,814
913,814,914,815
914,815,915,816
915,816,916,817
916,817,917,818
917,818,918,819
918,819,919,820
919,820,920,821
920,821,921,822
921,822,922,823
922,823,923,824
923,824,924,825
924,825,925,826
925,826,926,827
926,827,927,828
927,828,928,829
928,829,929,830
929,830,930,831
930,831,931,832
931,832,932,833
932,833,933,834
933,834,934,835
934,835,935,836
935,836,936,837
936,837,937,838
937,838,938,839
938,839,939,840
939,840,940,841
940,841,941,842
941,842,942,843
942,843,943,844
943,844,944,845
944,845,945,846
945,846,946,847
946,847,947,848
947,848,948,849
948,849,949,850
949,850,950,851
950,851,951,852
951,852,952,853
952,853,953,854
953,854,954,855
954,855,955,856
955,856,956,857
956,857,957,858
957,858,958,859
958,859,959,860
959,860,960,861
960,861,961,862
961,862,962,863
962,863,963,864
963,864,964,865
964,865,965,866
965,866,966,867
966,867,967,868
967,868,968,869
968,869,969,870
969,870,970,871
970,871,971,872
971,872,972,873
972,873,973,874
973,874,974,875
974,875,975,876
975,876,976,877
976,877,977,878
977,878,978,879
978,879,979,880
979,880,980,881
980,881,981,882
981,882,982,883
982,883,983,884
983,884,984,885
984,885,985,886
985,886,986,887
986,887,987,888
987,888,988,889
988,889,989,890
989,890,990,891
990,891,991,892
991,892,992,893
992,893,993,894
993,894,994,895
994,895,995,896
995,896,996,897
996,897,997,898
997,898,998,899
201,100,101,1
202,101,102,2
203,102,103,3
204,103,104,4
205,104,105,5
206,105,106,6
207,106,107,7
208,107,108,8
209,108,109,9
210,109,110,10
211,110,111,11
212,111,112,12
213,112,113,13
214,113,114,14
215,114,115,15
216,115,116,16
217,116,117,17
218,117,118,18
219,118,119,19
220,119,120,20
221,120,121,21
222,121,122,22
223,122,123,23
224,123,124,24
225,124,125,25
226,125,126,26
227,126,127,27
228,127,128,28
229,128,129,29
230,129,130,30
231,130,131,31
232,131,132,32
233,132,133,33
234,133,134,34
235,134,135,35
236,135,136,36
237,136,137,37
238,137,138,38
239,138,139,39
240,139,140,40
241,140,141,41
242,141,142,42
243,142,143,43
244,143,144,44
245,144,145,45
246,145,146,46
247,146,147,47
248,147,148,48
249,148,149,49
250,149,150,50
251,150,151,51
252,151,152,52
253,152,153,53
254,153,154,54
255,154,155,55
256,155,156,56
257,156,157,57
258,157,158,58
259,158,159,59
260,159,160,60
261,160,161,61
262,161,162,62
263,162,163,63
264,163,164,64
265,164,165,65
266,165,166,66
267,166,167,67
268,167,168,68
269,168,169,69
270,169,170,70
271,170,171,71
272,171,172,72
273,172,173,73
274,173,174,74
275,174,175,75
276,175,176,76
277,176,177,77
278,177,178,78
279,178,179,79
280,179,180,80
281,180,181,81
282,181,182,82
283,182,183,83
284,183,184,84
285,184,185,85
286,185,186,86
287,186,187,87
288,187,188,88
289,188,189,89
290,189,190,90
291,190,191,91
292,191,192,92
293,192,193,93
294,193,194,94
295,194,195,95
296,195,196,96
297,196,197,97
298,197,198,98
299,198,199,99
300,200,201,100
301,201,202,101
302,202,203,102
303,203,204,103
304,204,205,104
305,205,206,105
306,206,207,106
307,207,208,107
308,208,209,108
309,209,210,109
310,210,211,110
311,211,212,111
312,212,213,112
313,213,214,113
314,214,215,114
315,215,216,115
316,216,217,116
317,217,218,117
318,218,219,118
319,219,220,119
320,220,221,120
321,221,222,121
322,222,223,122
323,223,224,123
324,224,225,124
325,225,226,125
326,226,227,126
327,227,228,127
328,228,229,128
329,229,230,129
330,230,231,130
331,231,232,131
332,232,233,132
333,233,234,133
334,234,235,134
335,235,236,135
336,236,237,136
337,237,238,137
338,238,239,138
339,239,240,139
340,240,241,140
341,241,242,141
342,242,243,142
343,243,244,143
344,244,245,144
345,245,246,145
346,246,247,146
347,247,248,147
348,248,249,148
349,249,250,149
350,250,251,150
351,251,252,151
352,252,253,152
353,253,254,153
354,254,255,154
355,255,256,155
356,256,257,156
357,257,258,157
358,258,259,158
359,259,260,159
360,260,261,160
361,261,262,161
362,262,263,162
363,263,264,163
364,264,265,164
365,265,266,165
366,266,267,166
367,267,268,167
368,268,269,168
369,269,270,169
370,270,271,170
371,271,272,171
372,272,273,172
373,273,274,173
374,274,275,174
375,275,276,175
376,276,277,176
377,277,278,177
378,278,279,178
379,279,280,179
380,280,281,180
381,281,282,181
382,282,283,182
383,283,284,183
384,284,285,184
385,285,286,185
386,286,287,186
387,287,288,187
388,288,289,188
389,289,290,189
390,290,291,190
391,291,292,191
392,292,293,192
393,293,294,193
394,294,295,194
395,295,296,195
396,296,297,196
397,297,298,197
398,298,299,198
401,300,301,201
402,301,302,202
403,302,303,203
404,303,304,204
405,304,305,205
406,305,306,206
407,306,307,207
408,307,308,208
409,308,309,209
410,309,310,210
411,310,311,211
412,311,312,212
413,312,313,213
414,313,314,214
415,314,315,215
416,315,316,216
417,316,317,217
418,317,318,218
419,318,319,219
420,319,320,220
421,320,321,221
422,321,322,222
423,322,323,223
424,323,324,224
425,324,325,225
426,325,326,226
427,326,327,227
428,327,328,228
429,328,329,229
430,329,330,230
431,330,331,231
432,331,332,232
433,332,333,233
434,333,334,234
435,334,335,235
436,335,336,236
437,336,337,237
438,337,338,238
439,338,339,239
440,339,340,240
441,340,341,241
442,341,342,242
443,342,343,243
444,343,344,244
445,344,345,245
446,345,346,246
447,346,347,247
448,347,348,248
449,348,349,249
450,349,350,250
451,350,351,251
452,351,352,252
453,352,353,253
454,353,354,254
455,354,355,255
456,355,356,256
457,356,357,257
458,357,358,258
459,358,359,259
460,359,360,260
461,360,361,261
462,361,362,262
463,362,363,263
464,363,364,264
465,364,365,265
466,365,366,266
467,366,367,267
468,367,368,268
469,368,369,269
470,369,370,270
471,370,371,271
472,371,372,272
473,372,373,273
474,373,374,274
475,374,375,275
476,375,376,276
477,376,377,277
478,377,378,278
479,378,379,279
480,379,380,280
481,380,381,281
482,381,382,282
483,382,383,283
484,383,384,284
485,384,385,285
486,385,386,286
487,386,387,287
488,387,388,288
489,388,389,289
490,389,390,290
491,390,391,291
492,391,392,292
493,392,393,293
494,393,394,294
495,394,395,295
496,395,396,296
497,396,397,297
498,397,398,298
499,398,399,299
500,400,401,300
501,401,402,301
502,402,403,302
503,403,404,303
504,404,405,304
505,405,406,305
506,406,407,306
507,407,408,307
508,408,409,308
509,409,410,309
510,410,411,310
511,411,412,311
512,412,413,312
513,413,414,313
514,414,415,314
515,415,416,315
516,416,417,316
517,417,418,317
518,418,419,318
519,419,420,319
520,420,421,320
521,421,422,321
522,422,423,322
523,423,424,323
524,424,425,324
525,425,426,325
526,426,427,326
527,427,428,327
528,428,429,328
529,429,430,329
530,430,431,330
531,431,432,331
532,432,433,332
533,433,434,333
534,434,435,334
535,435,436,335
536,436,437,336
537,437,438,337
538,438,439,338
539,439,440,339
540,440,441,340
541,441,442,341
542,442,443,342
543,443,444,343
544,444,445,344
545,445,446,345
546,446,447,346
547,447,448,347
548,448,449,348
549,449,450,349
550,450,451,350
551,451,452,351
552,452,453,352
553,453,454,353
554,454,455,354
555,455,456,355
556,456,457,356
557,457,458,357
558,458,459,358
559,459,460,359
560,460,461,360
561,461,462,361
562,462,463,362
563,463,464,363
564,464,465,364
565,465,466,365
566,466,467,366
567,467,468,367
568,468,469,368
569,469,470,369
570,470,471,370
571,471,472,371
572,472,473,372
573,473,474,373
574,474,475,374
575,475,476,375
576,476,477,376
577,477,478,377
578,478,479,378
579,479,480,379
580,480,481,380
581,481,482,381
582,482,483,382
583,483,484,383
584,484,485,384
585,485,486,385
586,486,487,386
587,487,488,387
588,488,489,388
589,489,490,389
590,490,491,390
591,491,492,391
592,492,493,392
593,493,494,393
594,494,495,394
595,495,496,395
596,496,497,396
597,497,498,397
598,498,499,398
601,500,501,401
602,501,502,402
603,502,503,403
604,503,504,404
605,504,505,405
606,505,506,406
607,506,507,407
608,507,508,408
609,508,509,409
610,509,510,410
611,510,511,411
612,511,512,412
613,512,513,413
614,513,514,414
615,514,515,415
616,515,516,416
617,516,517,417
618,517,518,418
619,518,519,419
620,519,520,420
621,520,521,421
622,521,522,422
623,522,523,423
624,523,524,424
625,524,525,425
626,525,526,426
627,526,527,427
628,527,528,428
629,528,529,429
630,529,530,430
631,530,531,431
632,531,532,432
633,532,533,433
634,533,534,434
635,534,535,435
636,535,536,436
637,536,537,437
638,537,538,438
639,538,539,439
640,539,540,440
641,540,541,441
642,541,542,442
643,542,543,443
644,543,544,444
645,544,545,445
646,545,546,446
647,546,547,447
648,547,548,448
649,548,549,449
650,549,550,450
651,550,551,451
652,551,552,452
653,552,553,453
654,553,554,454
655,554,555,455
656,555,556,456
657,556,557,457
658,557,558,458
659,558,559,459
660,559,560,460
661,560,561,461
662,561,562,462
663,562,563,463
664,563,564,464
665,564,565,465
666,565,566,466
667,566,567,467
668,567,568,468
669,568,569,469
670,569,570,470
671,570,571,471
672,571,572,472
673,572,573,473
674,573,574,474
675,574,575,475
676,575,576,476
677,576,577,477
678,577,578,478
679,578,579,479
680,579,580,480
681,580,581,481
682,581,582,482
683,582,583,483
684,583,584,484
685,584,585,485
686,585,586,486
687,586,587,487
688,587,588,488
689,588,589,489
690,589,590,490
691,590,591,491
692,591,592,492
693,592,593,493
694,593,594,494
695,594,595,495
696,595,596,496
697,596,597,497
698,597,598,498
699,598,599,499
700,600,601,500
701,601,602,501
702,602,603,502
703,603,604,503
704,604,605,504
705,605,606,505
706,606,607,506
707,607,608,507
708,608,609,508
709,609,610,509
710,610,611,510
711,611,612,511
712,612,613,512
713,613,614,513
714,614,615,514
715,615,616,515
716,616,617,516
717,617,618,517
718,618,619,518
719,619,620,519
720,620,621,520
721,621,622,521
722,622,623,522
723,623,624,523
724,624,625,524
725,625,626,525
726,626,627,526
727,627,628,527
728,628,629,528
729,629,630,529
730,630,631,530
731,631,632,531
732,632,633,532
733,633,634,533
734,634,635,534
735,635,636,535
736,636,637,536
737,637,638,537
738,638,639,538
739,639,640,539
740,640,641,540
741,641,642,541
742,642,643,542
743,643,644,543
744,644,645,544
745,645,646,545
746,646,647,546
747,647,648,547
748,648,649,548
749,649,650,549
750,650,651,550
751,651,652,551
752,652,653,552
753,653,654,553
754,654,655,554
755,655,656,555
756,656,657,556
757,657,658,557
758,658,659,558
759,659,660,559
760,660,661,560
761,661,662,561
762,662,663,562
763,663,664,563
764,664,665,564
765,665,666,565
766,666,667,566
767,667,668,567
768,668,669,568
769,669,670,569
770,670,671,570
771,671,672,571
772,672,673,572
773,673,674,573
774,674,675,574
775,675,676,575
776,676,677,576
777,677,678,577
778,678,679,578
779,679,680,579
780,680,681,580
781,681,682,581
782,682,683,582
783,683,684,583
784,684,685,584
785,685,686,585
786,686,687,586
787,687,688,587
788,688,689,588
789,689,690,589
790,690,691,590
791,691,692,591
792,692,693,592
793,693,694,593
794,694,695,594
795,695,696,595
796,696,697,596
797,697,698,597
798,698,699,598
801,700,701,601
802,701,702,602
803,702,703,603
804,703,704,604
805,704,705,605
806,705,706,606
807,706,707,607
808,707,708,608
809,708,709,609
810,709,710,610
811,710,711,611
812,711,712,612
813,712,713,613
814,713,714,614
815,714,715,615
816,715,716,616
817,716,717,617
818,717,718,618
819,718,719,619
820,719,720,620
821,720,721,621
822,721,722,622
823,722,723,623
824,723,724,624
825,724,725,625
826,725,726,626
827,726,727,627
828,727,728,628
829,728,729,629
830,729,730,630
831,730,731,631
832,731,732,632
833,732,733,633
834,733,734,634
835,734,735,635
836,735,736,636
837,736,737,637
838,737,738,638
839,738,739,639
840,739,740,640
841,740,741,641
842,741,742,642
843,742,743,643
844,743,744,644
845,744,745,645
846,745,746,646
847,746,747,647
848,747,748,648
849,748,749,649
850,749,750,650
851,750,751,651
852,751,752,652
853,752,753,653
854,753,754,654
855,754,755,655
856,755,756,656
857,756,757,657
858,757,758,658
859,758,759,659
860,759,760,660
861,760,761,661
862,761,762,662
863,762,763,663
864,763,764,664
865,764,765,665
866,765,766,666
867,766,767,667
868,767,768,668
869,768,769,669
870,769,770,670
871,770,771,671
872,771,772,672
873,772,773,673
874,773,774,674
875,774,775,675
876,775,776,676
877,776,777,677
878,777,778,678
879,778,779,679
880,779,780,680
881,780,781,681
882,781,782,682
883,782,783,683
884,783,784,684
885,784,785,685
886,785,786,686
887,786,787,687
888,787,788,688
889,788,789,689
890,789,790,690
891,790,791,691
892,791,792,692
893,792,793,693
894,793,794,694
895,794,795,695
896,795,796,696
897,796,797,697
898,797,798,698
899,798,799,699
900,800,801,700
901,801,802,701
902,802,803,702
903,803,804,703
904,804,805,704
905,805,806,705
906,806,807,706
907,807,808,707
908,808,809,708
909,809,810,709
910,810,811,710
911,811,812,711
912,812,813,712
913,813,814,713
914,814,815,714
915,815,816,715
916,816,817,716
917,817,818,717
918,818,819,718
919,819,820,719
920,820,821,720
921,821,822,721
922,822,823,722
923,823,824,723
924,824,825,724
925,825,826,725
926,826,827,726
927,827,828,727
928,828,829,728
929,829,830,729
930,830,831,730
931,831,832,731
932,832,833,732
933,833,834,733
934,834,835,734
935,835,836,735
936,836,837,736
937,837,838,737
938,838,839,738
939,839,840,739
940,840,841,740
941,841,842,741
942,842,843,742
943,843,844,743
944,844,845,744
945,845,846,745
946,846,847,746
947,847,848,747
948,848,849,748
949,849,850,749
950,850,851,750
951,851,852,751
952,852,853,752
953,853,854,753
954,854,855,754
955,855,856,755
956,856,857,756
957,857,858,757
958,858,859,758
959,859,860,759
960,860,861,760
961,861,862,761
962,862,863,762
963,863,864,763
964,864,865,764
965,865,866,765
966,866,867,766
967,867,868,767
968,868,869,768
969,869,870,769
970,870,871,770
971,871,872,771
972,872,873,772
973,873,874,773
974,874,875,774
975,875,876,775
976,876,877,776
977,877,878,777
978,878,879,778
979,879,880,779
980,880,881,780
981,881,882,781
982,882,883,782
983,883,884,783
984,884,885,784
985,885,886,785
986,886,887,786
987,887,888,787
988,888,889,788
989,889,890,789
990,890,891,790
991,891,892,791
992,892,893,792
993,893,894,793
994,894,895,794
995,895,896,795
996,896,897,796
997,897,898,797
998,898,899,798
1
0
0
0
0
0
0
0
0
0
0
0
0
0
0
0
0
0
0
0
0
0
0
0
0
0
0
0
0
0
0
0
0
0
0
0
0
0
0
0
0
0
0
0
0
0
0
0
0
0
0
0
0
0
0
0
0
0
0
0
0
0
0
0
0
0
0
0
0
0
0
0
0
0
0
0
0
0
0
0
0
0
0
0
0
0
0
0
0
0
0
0
0
0
0
0
0
0
0
1
1
0
0
0
0
0
0
0
0
0
0
0
0
0
0
0
0
0
0
0
0
0
0
0
0
0
0
0
0
0
0
0
0
0
0
0
0
0
0
0
0
0
0
0
0
0
0
0
0
0
0
0
0
0
0
0
0
0
0
0
0
0
0
0
0
0
0
0
0
0
0
0
0
0
0
0
0
0
0
0
0
0
0
0
0
0
0
0
0
0
0
0
0
0
0
0
0
0
0
1
1
0
0
0
0
0
0
0
0
0
0
0
0
0
0
0
0
0
0
0
0
0
0
0
0
0
0
0
0
0
0
0
0
0
0
0
0
0
0
0
0
0
0
0
0
0
0
0
0
0
0
0
0
0
0
0
0
0
0
0
0
0
0
0
0
0
0
0
0
0
0
0
0
0
0
0
0
0
0
0
0
0
0
0
0
0
0
0
0
0
0
0
0
0
0
0
0
0
0
1
1
0
0
0
0
0
0
0
0
0
0
0
0
0
0
0
0
0
0
0
0
0
0
0
0
0
0
0
0
0
0
0
0
0
0
0
0
0
0
0
0
0
0
0
0
0
0
0
0
0
0
0
0
0
0
0
0
0
0
0
0
0
0
0
0
0
0
0
0
0
0
0
0
0
0
0
0
0
0
0
0
0
0
0
0
0
0
0
0
0
0
0
0
0
0
0
0
0
0
1
1
0
0
0
0
0
0
0
0
0
0
0
0
0
0
0
0
0
0
0
0
0
0
0
0
0
0
0
0
0
0
0
0
0
0
0
0
0
0
0
0
0
0
0
0
0
0
0
0
0
0
0
0
0
0
0
0
0
0
0
0
0
0
0
0
0
0
0
0
0
0
0
0
0
0
0
0
0
0
0
0
0
0
0
0
0
0
0
0
0
0
0
0
0
0
0
0
0
0
1
1
0
0
0
0
0
0
0
0
0
0
0
0
0
0
0
0
0
0
0
0
0
0
0
0
0
0
0
0
0
0
0
0
0
0
0
0
0
0
0
0
0
0
0
0
0
0
0
0
0
0
0
0
0
0
0
0
0
0
0
0
0
0
0
0
0
0
0
0
0
0
0
0
0
0
0
0
0
0
0
0
0
0
0
0
0
0
0
0
0
0
0
0
0
0
0
0
0
0
1
1
0
0
0
0
0
0
0
0
0
0
0
0
0
0
0
0
0
0
0
0
0
0
0
0
0
0
0
0
0
0
0
0
0
0
0
0
0
0
0
0
0
0
0
0
0
0
0
0
0
0
0
0
0
0
0
0
0
0
0
0
0
0
0
0
0
0
0
0
0
0
0
0
0
0
0
0
0
0
0
0
0
0
0
0
0
0
0
0
0
0
0
0
0
0
0
0
0
0
1
1
0
0
0
0
0
0
0
0
0
0
0
0
0
0
0
0
0
0
0
0
0
0
0
0
0
0
0
0
0
0
0
0
0
0
0
0
0
0
0
0
0
0
0
0
0
0
0
0
0
0
0
0
0
0
0
0
0
0
0
0
0
0
0
0
0
0
0
0
0
0
0
0
0
0
0
0
0
0
0
0
0
0
0
0
0
0
0
0
0
0
0
0
0
0
0
0
0
0
1
1
0
0
0
0
0
0
0
0
0
0
0
0
0
0
0
0
0
0
0
0
0
0
0
0
0
0
0
0
0
0
0
0
0
0
0
0
0
0
0
0
0
0
0
0
0
0
0
0
0
0
0
0
0
0
0
0
0
0
0
0
0
0
0
0
0
0
0
0
0
0
0
0
0
0
0
0
0
0
0
0
0
0
0
0
0
0
0
0
0
0
0
0
0
0
0
0
0
0
1
1
0
0
0
0
0
0
0
0
0
0
0
0
0
0
0
0
0
0
0
0
0
0
0
0
0
0
0
0
0
0
0
0
0
0
0
0
0
0
0
0
0
0
0
0
0
0
0
0
0
0
0
0
0
0
0
0
0
0
0
0
0
0
0
0
0
0
0
0
0
0
0
0
0
0
0
0
0
0
0
0
0
0
0
0
0
0
0
0
0
0
0
0
0
0
0
0
0
0
1
