1	-1.073690	-0.411290
2	0.237637	0.980748
3	1.045009	-0.396828
4	1.423486	-0.736180
5	3.050297	1.256229
6	0.873441	-0.087938
7	2.146180	-4.857697
8	2.526142	-5.336267
9	3.118481	-4.174963
10	0.361874	-4.852519
11	1.313466	-3.965283
12	1.809240	-0.757894
13	3.777843	3.746987
14	3.632354	2.909157
15	2.174480	3.346067
16	0.823777	-0.053606
17	1.403485	-2.301749
18	0.871072	-3.008479
19	2.641824	-1.789737
20	1.758187	0.480397
21	2.777875	1.499287
22	3.591101	1.235927
23	3.656150	1.569246
24	0.828090	-0.216621
25	1.685944	0.674627
26	-0.169016	2.666597
27	-1.018627	2.397777
28	0.846627	1.725142
29	-0.495299	2.099513
30	-1.115628	1.529598
31	1.685816	3.127182
32	-0.666819	2.915383
33	-6.022705	4.714829
34	-7.980028	5.008274
35	-9.222377	3.915808
36	-10.401359	-0.356340
37	-12.217813	-0.291421
38	-12.602795	-0.927888
39	-13.647312	-1.798782
40	-14.189161	-5.635243
41	-14.534154	-4.409784
42	-13.968905	-5.974422
43	-13.901426	-5.745204
44	-15.970398	-4.927157
45	-14.417424	-2.139782
46	-13.523842	-3.265551
47	-14.397370	-1.056652
48	-12.068378	1.728589
49	-12.670599	2.136107
50	-13.259272	4.330951
51	-12.372990	5.095144
52	-12.889316	3.508912
53	-13.416573	4.216196
54	-13.603159	6.074596
55	-14.375565	5.241608
56	-14.091283	5.700686
57	-13.205548	7.632507
58	-14.216295	7.013909
59	-13.609388	7.484783
60	-11.065200	9.132559
61	-12.054696	9.930457
62	-9.956478	11.525847
63	-9.206835	12.968101
64	-6.966758	14.350719
65	-7.573326	14.758192
66	-6.172672	15.564904
67	-8.367895	14.189049
68	-7.209213	13.861671
69	-4.912297	14.078979
70	-5.486628	12.610115
71	-6.243385	11.319297
72	-5.033288	10.625495
73	-3.624584	9.586322
74	-5.166434	9.437746
75	-4.625544	9.405669
76	-3.754103	8.891693
77	-4.848697	8.388836
78	-5.692779	7.419211
79	-5.846756	7.993876
80	-4.931711	6.717242
81	-3.470474	6.420125
82	-1.515587	6.341260
83	-2.075685	5.008343
84	-1.520404	6.428279
85	-2.874289	7.533375
86	0.648083	7.863498
87	0.237160	9.173515
88	1.029628	9.031672
89	0.010586	6.413394
90	-1.293518	5.205719
91	-2.511265	6.611538
92	-4.136321	4.866535
93	-3.573787	2.105974
94	-4.287873	1.612433
95	-3.166931	0.506028
96	-5.138503	-2.918785
97	-4.818301	-5.075282
98	-6.286221	-4.054501
99	-6.721118	-4.407030
100	-5.737901	-8.889265
101	-4.427065	-8.006757
102	-6.031740	-9.573710
103	-4.600953	-10.013879
104	-4.776825	-10.591292
105	-4.910491	-11.871184
106	-5.442627	-9.773863
107	-3.312427	-10.306581
108	-2.968758	-10.102254
109	-2.615502	-11.272148
110	-2.358485	-11.590708
111	-1.213913	-13.209322
112	-1.358569	-14.083175
113	-2.384244	-11.616798
114	-3.658896	-11.549418
115	-2.798524	-12.818503
116	-0.410602	-11.381779
117	-0.218140	-14.149666
118	-3.631499	-13.678658
119	-4.326208	-13.388551
120	-0.721715	-13.202390
121	0.462461	-14.363107
122	-0.524254	-14.240767
123	1.917100	-14.794250
124	4.572433	-13.518358
125	5.920517	-12.036695
126	9.583925	-9.855196
127	9.321321	-8.809583
128	10.469180	-11.628648
129	13.005163	-11.844191
130	14.082591	-10.093760
131	14.071319	-8.128588
132	16.678984	-7.315195
133	17.083334	-7.512878
134	16.929159	-5.580113
135	16.907896	-4.275442
136	17.128489	-3.496069
137	18.125767	-4.643991
138	18.066076	-3.096090
139	15.543135	-4.248570
140	16.047310	-3.654979
141	16.481876	-2.161044
142	16.154295	-2.690570
143	16.566942	-1.295795
144	16.136383	0.939253
145	17.750437	0.621348
146	16.879629	-2.099132
147	16.240814	-0.011168
148	17.753317	1.109987
149	16.944057	0.899018
150	17.918211	0.244641
151	16.870642	-1.043344
152	17.054691	-4.026425
153	15.992339	-5.237282
154	15.570780	-4.895455
155	15.394670	-7.911000
156	16.256470	-8.603079
157	15.165355	-8.109026
158	13.056733	-8.363831
159	11.771548	-6.417236
160	11.030647	-7.391225
161	9.612978	-6.442470
162	9.808882	-6.079717
163	10.812867	-4.252728
164	8.972910	-3.559098
165	9.920165	-4.386853
166	13.298053	-5.312154
167	11.122487	-4.940688
168	10.556399	-4.327205
169	10.287240	-2.603970
170	8.731059	0.053007
171	8.018027	-2.317821
172	8.627463	-2.179327
173	9.207499	-3.346066
174	8.960402	-1.871080
175	7.088225	-1.321040
176	9.988484	-0.548803
177	7.493664	-0.463128
178	7.165855	-0.488289
179	10.375128	0.204478
180	8.410772	1.749269
181	6.224647	2.434321
182	5.344425	2.391757
183	5.578125	2.209481
184	3.908613	3.645098
185	5.146174	4.567514
186	4.443713	2.626630
187	3.514941	5.561500
188	5.772508	5.880454
189	4.870545	8.285170
190	5.669670	5.736456
191	6.253636	6.053588
192	5.808836	5.596862
193	4.304195	5.210920
194	2.223234	6.389603
195	-0.427524	5.051050
196	-1.564019	3.961740
197	-2.235040	4.798373
198	-1.293952	4.076421
199	-2.300162	2.477514
200	-4.722236	4.823451
201	-6.541204	4.612338
202	-9.197367	4.038551
203	-9.750750	4.568405
204	-10.155516	8.776046
205	-9.781623	7.564826
206	-10.099257	3.889916
207	-10.919035	4.763476
208	-7.728355	6.107652
209	-9.800658	6.280198
210	-9.995725	4.585182
211	-11.029704	5.894699
212	-11.798496	4.315907
213	-13.184761	4.712053
214	-12.606654	3.838071
215	-13.094094	6.343624
216	-11.699951	5.533206
217	-12.565664	8.135654
218	-11.229929	9.217011
219	-10.467526	7.336327
220	-14.235939	5.931034
221	-13.687809	7.338490
222	-13.679324	9.770157
223	-12.985572	9.941864
224	-12.952765	10.111730
225	-10.917161	13.176958
226	-11.245530	13.481639
227	-12.433302	13.566719
228	-11.169980	12.368883
229	-10.138733	13.138065
230	-8.742897	12.256956
231	-10.261465	8.612175
232	-13.155325	6.399485
233	-11.517393	6.829066
234	-13.345737	8.758433
235	-12.079640	7.451303
236	-14.705792	6.970784
237	-16.079302	6.982250
238	-16.733303	6.822226
239	-19.207840	5.189309
240	-16.329159	4.296926
241	-16.857227	4.715312
242	-17.819893	5.704740
243	-18.568514	4.623321
244	-17.341679	3.123938
245	-17.254396	3.005465
246	-13.470901	2.762263
247	-15.499645	3.741462
248	-15.341380	3.842394
249	-17.432802	5.218188
250	-18.790979	1.911342
251	-18.278645	2.980785
252	-17.906710	3.171031
253	-18.716204	2.401170
254	-17.431225	-0.850230
255	-17.071423	-2.569893
256	-18.650087	-0.905716
257	-18.321009	-0.587425
258	-16.544933	-0.378352
259	-15.584779	-3.170668
260	-16.147375	-0.546446
261	-15.065883	-3.151947
262	-13.472471	-4.708120
263	-11.866518	-4.897207
264	-12.593787	-4.878467
265	-10.292546	-3.321141
266	-9.741772	-1.494937
267	-9.044358	-2.787621
268	-8.720751	-1.797444
269	-9.037918	-0.349644
270	-5.965224	1.694722
271	-2.621118	3.767626
272	-2.398777	4.504201
273	-4.008363	3.535998
274	-1.314088	3.807447
275	-0.017477	4.111824
276	2.102845	5.273082
277	1.319582	7.895806
278	1.789693	9.410446
279	2.024316	7.880870
280	1.796673	8.477934
281	-0.098394	8.506383
282	3.099494	6.269995
283	2.788145	5.819534
284	2.259321	5.080960
285	3.182605	5.363377
286	3.788821	3.822334
287	5.232920	-0.430863
288	6.507880	-1.399288
289	6.249590	0.004547
290	7.197792	-0.956503
291	7.145503	-2.783015
292	8.011258	-4.279045
293	6.981258	-4.844070
294	7.381941	-4.095917
295	5.903255	-5.385243
296	5.093890	-6.946721
297	6.505594	-6.841316
298	6.725840	-6.036441
299	5.411994	-5.327161
300	7.527236	-2.625405
301	7.394152	-0.323520
302	6.651466	0.576446
303	6.733718	3.170111
304	7.524116	3.190510
305	8.081987	-0.248015
306	8.276212	-3.359144
307	10.114502	-3.294800
308	9.815775	-4.664123
309	11.634398	-6.142592
310	12.760303	-7.295907
311	12.096292	-8.295253
312	12.350138	-9.859056
313	12.707960	-9.214560
314	12.553194	-8.500148
315	12.987180	-8.135225
316	13.897793	-6.687410
317	15.872979	-5.165511
318	14.669156	-5.979544
319	15.262763	-4.556637
320	16.671011	-1.865296
321	15.626969	-1.016185
322	17.009586	-0.731812
323	15.525093	-3.078890
324	15.910771	-1.858874
325	15.907408	-2.750024
326	13.868204	-6.325119
327	12.691179	-6.137836
328	11.330853	-5.422295
329	11.649378	-6.433831
330	12.515262	-4.978638
331	10.222882	-6.042465
332	7.243550	-5.851771
333	6.871624	-8.099648
334	8.489808	-9.947990
335	12.111573	-9.627275
336	12.203883	-9.542987
337	11.207684	-8.119047
338	8.547968	-9.366199
339	6.143044	-10.237291
340	5.585477	-11.545878
341	8.169623	-13.806566
342	6.384615	-13.871091
343	4.699398	-14.344600
344	3.203691	-13.924334
345	2.844409	-12.384920
346	2.088949	-10.895919
347	3.790381	-11.459775
348	0.384514	-10.588556
349	-0.551304	-10.593220
350	1.558415	-9.428992
351	2.197360	-9.271278
352	3.153264	-9.092241
353	2.561559	-9.076295
354	0.269308	-7.791640
355	-1.326584	-6.942210
356	-1.325763	-6.124427
357	0.745546	-6.286726
358	1.280911	-6.345423
359	2.160188	-5.175050
360	1.604821	-4.086742
361	1.442211	-1.854893
362	2.258720	-1.580008
363	4.805853	-1.849047
364	6.571705	-2.344400
365	7.232655	-2.695653
366	6.867705	-3.298093
367	5.018135	-4.266999
368	3.018277	-4.954299
369	1.988534	-2.644954
370	-2.869603	-2.431083
371	-5.866242	-0.542000
372	-5.770458	-0.616593
373	-5.918563	-0.367666
374	-5.203173	-0.312031
375	-5.718638	1.604686
376	-6.224936	2.565570
377	-6.257271	2.955488
378	-5.873765	1.523041
379	-6.292864	2.989594
380	-7.504990	4.624426
381	-6.382129	3.668421
382	-4.804717	1.935387
383	-3.350924	1.472008
384	-1.520158	1.912089
385	-4.651431	0.279257
386	-7.317900	2.351604
387	-6.089698	2.894707
388	-7.909664	1.031946
389	-8.173079	0.345169
390	-9.154377	-0.802550
391	-9.426555	0.273853
392	-9.385773	-1.428453
393	-11.623889	-0.854638
394	-9.997005	-1.797678
395	-10.158327	-2.388041
396	-11.063166	-3.287629
397	-9.253744	0.380523
398	-9.545842	2.080299
399	-12.341370	3.760948
400	-11.723760	5.392637
401	-11.224230	6.512062
402	-9.885577	8.251220
403	-13.794641	7.804550
404	-11.813787	6.722756
405	-11.087034	7.922212
406	-12.856001	7.845923
407	-12.826871	6.252073
408	-11.751090	7.326447
409	-12.341059	6.452634
410	-13.713840	4.615907
411	-14.280651	4.715925
412	-15.077415	4.160502
413	-13.708204	2.994437
414	-16.017717	3.815632
415	-15.259054	3.863499
416	-14.642775	5.748521
417	-13.629323	5.398030
418	-11.219361	6.004658
419	-11.408730	5.900136
420	-12.693747	5.195479
421	-10.351199	4.694318
422	-8.886884	4.062650
423	-10.043503	5.754492
424	-9.012111	7.071272
425	-9.684523	6.954670
426	-11.193796	6.675086
427	-11.722422	5.799484
428	-11.884515	3.551712
429	-9.955234	5.803827
430	-7.557216	9.242690
431	-8.379169	9.764556
432	-10.228270	10.258247
433	-10.294751	8.654065
434	-10.207437	10.221208
435	-8.774146	10.640008
436	-7.662364	10.739993
437	-6.972487	11.780968
438	-5.786868	11.365076
439	-4.276081	11.950874
440	-3.892950	10.560489
441	-4.192700	9.578339
442	-3.962447	8.464356
443	-1.770664	6.457655
444	-1.676145	8.267644
445	0.901513	8.866575
446	1.491753	7.531243
447	-1.474076	8.604999
448	-2.712820	7.802911
449	-3.903808	6.282213
450	-1.746081	8.351165
451	-0.099434	9.857646
452	-2.030188	8.378888
453	-0.485923	7.061049
454	-0.814863	7.863378
455	-1.328827	6.792082
456	-1.118473	6.361644
457	0.633003	7.503713
458	1.357472	7.923946
459	-0.529564	8.381322
460	-0.034396	9.932619
461	1.830668	8.052276
462	3.896313	6.871008
463	3.699911	6.261522
464	4.925295	6.118016
465	5.561892	5.833228
466	8.132698	5.805686
467	5.970338	6.806175
468	4.637746	7.196426
469	3.700613	5.462098
470	4.597463	5.858289
471	3.042509	4.931602
472	1.081202	3.636586
473	1.092341	3.135028
474	2.010974	0.327405
475	3.313783	-0.671259
476	4.146084	-3.096256
477	2.023817	-2.773624
478	0.552522	-3.714267
479	3.461181	-3.728715
480	6.133506	-2.517307
481	6.501007	-0.010185
482	7.337204	1.132349
483	9.027970	1.580269
484	9.460266	-0.840489
485	9.562404	-0.837492
486	7.327453	-1.201847
487	8.163517	0.621028
488	10.989861	1.190725
489	14.230310	1.908684
490	13.880139	3.143728
491	13.467685	2.941214
492	13.146270	2.791000
493	15.280104	3.073875
494	16.051619	4.254571
495	14.954429	2.105530
496	14.718901	2.937583
497	15.415549	3.123493
498	14.436989	1.276401
499	12.956372	2.931895
500	15.237302	2.530466
501	16.003393	1.834496
502	16.313856	1.072154
503	15.507049	2.147199
504	15.412976	3.008530
505	15.483438	3.267351
506	13.511890	1.872683
507	14.644765	2.035043
508	14.261164	1.650264
509	10.702156	1.126043
510	11.822698	0.900000
511	9.596840	-0.778762
512	9.841127	-1.389233
513	9.473607	-2.686162
514	11.541439	-3.433987
515	10.370284	-4.005060
516	8.867231	-6.775714
517	8.159544	-7.256293
518	9.081377	-9.239731
519	10.050398	-10.163775
520	9.686194	-9.565281
521	9.979426	-8.480752
522	7.961226	-10.899931
523	7.914790	-10.706732
524	2.717277	-11.854836
525	0.277496	-13.788514
526	-0.925489	-12.293093
527	-2.069078	-12.016093
528	-1.277485	-13.053513
529	-2.189478	-13.996756
530	-3.481503	-13.958233
531	-3.969295	-13.880680
532	-2.869519	-13.158654
533	-1.857110	-13.779329
534	-1.817087	-13.824651
535	-1.944195	-14.349510
536	-1.705722	-13.658046
537	-0.129146	-13.712214
538	-0.533750	-14.767013
539	-0.425448	-13.665298
540	-1.334687	-13.242386
541	-1.668202	-13.577956
542	-0.571090	-14.035033
543	-1.857711	-11.399891
544	-2.712086	-11.761063
545	-2.580725	-11.139715
546	-2.875465	-11.014092
547	-2.351862	-9.252217
548	-3.399455	-8.729965
549	-2.212173	-10.779943
550	-3.216707	-8.180650
551	-3.049134	-7.058258
552	-3.071621	-6.231851
553	-2.566608	-6.839435
554	-3.263627	-5.132805
555	-3.181406	-3.566216
556	-1.503792	-1.674698
557	0.458808	-2.795145
558	0.669801	-2.046765
559	-0.340470	-2.621576
560	2.043207	-1.334848
561	0.749245	0.626969
562	1.565133	1.503604
563	-2.368451	0.885854
564	-1.516016	0.513444
565	-0.833635	2.449952
566	-1.117521	2.433922
567	-3.054881	4.795998
568	1.083256	6.841078
569	0.534156	5.846823
570	-2.130573	6.981936
571	-1.859492	6.735501
572	-1.936648	8.099219
573	-2.666636	8.744417
574	-3.151995	5.425521
575	-5.186396	4.007323
576	-5.782991	3.552543
577	-6.064904	3.580653
578	-8.842872	2.873996
579	-9.420502	2.492623
580	-8.111442	1.752328
581	-10.586605	2.925128
582	-10.550754	2.495489
583	-11.204910	2.630893
584	-11.799995	2.975233
585	-12.987987	0.647235
586	-12.785790	0.559850
587	-13.029648	0.857748
588	-11.085730	1.222522
589	-11.963480	2.270857
590	-11.846219	5.089261
591	-11.944311	4.120660
592	-9.896238	4.415070
593	-8.736552	4.958970
594	-7.479265	7.828689
595	-8.439169	9.354133
596	-9.791098	11.587184
597	-8.323150	13.050159
598	-6.515234	11.884892
599	-5.246764	11.002774
600	-4.992641	9.927945
601	-5.509269	9.480362
602	-4.862314	9.504547
603	-4.008730	9.294898
604	-4.594849	10.287072
605	-4.306572	9.616322
606	-5.375062	9.479553
607	-5.911963	11.572227
608	-7.998988	12.096789
609	-8.115728	10.022551
610	-5.579874	11.587643
611	-4.901366	12.548026
612	-3.618735	11.094793
613	-2.857039	11.257250
614	-1.514826	8.321584
615	0.428564	8.967719
616	1.512127	7.249026
617	1.358716	7.276085
618	2.636300	7.136968
619	2.795735	8.746831
620	-0.100055	10.614405
621	-2.828700	10.618084
622	-1.529376	11.551113
623	-2.470690	11.946619
624	-2.959275	11.488620
625	-1.747593	8.631529
626	-3.059204	8.017971
627	-3.664822	8.891175
628	-3.369631	8.904288
629	-3.465317	9.775968
630	-2.052804	7.005820
631	-1.340692	7.954446
632	-0.535093	7.509190
633	-1.545915	7.583207
634	-1.316435	5.858708
635	1.657382	4.468618
636	-0.444320	4.497456
637	-0.101991	1.765333
638	1.267988	1.520836
639	1.145480	-0.423967
640	0.691544	-2.015620
641	-0.383880	-3.221376
642	-0.645700	-2.999536
643	-0.725995	1.882686
644	-2.726188	-0.137649
645	-2.807287	-0.993371
646	-2.501664	-0.503287
647	-2.287969	-0.688081
648	-3.042790	-0.680808
649	-4.048529	-2.461615
650	-2.668230	-3.499004
651	-3.301898	-3.127168
652	-2.574711	-2.867398
653	-1.179031	-6.784455
654	0.863989	-6.964302
655	0.884350	-7.638244
656	1.477915	-7.660744
657	0.888449	-6.598588
658	2.706806	-7.404264
659	4.075927	-6.677352
660	6.543681	-3.862170
661	4.687686	-5.303190
662	3.301015	-6.510468
663	3.058159	-7.186842
664	5.747252	-5.969439
665	5.437639	-3.609576
666	6.925416	-4.511636
667	8.331078	-5.898550
668	9.472010	-5.387080
669	9.356702	-5.689378
670	7.840177	-6.017261
671	7.224805	-5.592542
672	7.656675	-5.851629
673	7.012254	-5.344554
674	8.605699	-5.721291
675	9.980023	-5.772321
676	8.055543	-7.225507
677	9.803306	-8.384810
678	5.655010	-5.202316
679	7.100411	-4.283187
680	9.931537	-4.511584
681	9.472012	-2.861518
682	9.806779	-4.282606
683	9.010290	-2.583274
684	5.785643	-3.572319
685	6.964930	-5.389382
686	7.933318	-3.382645
687	8.984942	-5.890387
688	8.942589	-3.752972
689	5.497785	-4.139095
690	6.043934	-7.701061
691	4.833415	-8.166107
692	2.854135	-6.453419
693	3.019762	-6.639081
694	2.401212	-8.219432
695	2.348866	-7.761690
696	1.070319	-8.600700
697	-1.558007	-10.805012
698	-2.849018	-12.260633
699	-2.135896	-10.676078
700	-2.969694	-11.073133
701	-1.160305	-10.241785
702	-2.084064	-8.801711
703	-0.951147	-8.740216
704	-0.996361	-9.449872
705	2.068090	-9.315115
706	0.739028	-12.000655
707	0.559991	-11.660102
708	0.793415	-11.239152
709	0.132331	-11.863188
710	-0.701134	-9.878711
711	0.076575	-8.207804
712	-0.390628	-9.698232
713	-1.255671	-5.386981
714	-1.278972	-5.569418
715	-2.810589	-8.325507
716	-2.745286	-9.614162
717	-3.031073	-8.791205
718	-1.574793	-8.052213
719	-2.857015	-5.847200
720	-1.491833	-3.789747
721	-1.659304	-3.794367
722	0.306838	-2.716004
723	-1.347092	-3.476571
724	-1.140419	-1.828926
725	-0.197687	0.421787
726	1.484600	0.546461
727	4.125227	1.152764
728	4.540297	2.268262
729	4.857604	2.637216
730	6.920620	4.616049
731	6.180913	2.935494
732	5.272132	3.100585
733	5.361906	3.593328
734	4.144817	4.006966
735	4.880514	7.721276
736	3.014125	9.829595
737	0.978410	10.827247
738	0.390843	11.279219
739	-2.615414	12.996391
740	-1.981485	11.984094
741	0.183759	11.648416
742	1.894503	11.036772
743	1.001149	9.071245
744	-0.303071	9.051669
745	-2.372100	10.029341
746	-2.303284	7.250442
747	-1.192257	8.344851
748	-0.447789	3.862468
749	-2.810050	0.898858
750	-4.206728	1.548968
751	-1.366970	3.158221
752	-2.118411	4.565509
753	-5.449021	3.225863
754	-7.127975	3.683723
755	-7.470499	5.661544
756	-5.640738	7.570212
757	-6.347807	9.120772
758	-9.346124	8.221488
759	-9.592728	6.769049
760	-8.445187	6.084936
761	-8.053370	7.994533
762	-8.337398	8.282293
763	-8.384222	6.226901
764	-9.155712	5.985891
765	-6.628349	5.948170
766	-6.951929	6.351010
767	-9.211192	6.339075
768	-8.054060	3.871622
769	-7.679922	5.370925
770	-6.388529	5.975746
771	-5.349181	4.247001
772	-4.023825	4.552269
773	-2.811529	5.442805
774	-3.821913	4.364573
775	-1.765125	5.576053
776	-1.714115	6.077672
777	-4.026383	6.641177
778	-1.796747	4.434999
779	-2.589715	6.068196
780	-3.959906	5.314373
781	-5.717419	6.703590
782	-7.806148	7.369062
783	-7.569534	8.478351
784	-3.960207	10.777298
785	-3.559992	9.732354
786	-2.478920	12.593230
787	-3.070196	12.897489
788	-0.746813	11.267441
789	-3.488518	12.754151
790	-3.603883	14.149642
791	-2.732189	13.649437
792	-3.687551	13.198568
793	-3.086582	14.419857
794	-2.548452	13.965952
795	-4.322742	12.871275
796	-3.357597	10.784032
797	-3.380202	10.271103
798	-2.415069	7.290079
799	-4.281093	5.698661
800	-2.938687	4.502974
801	-1.066604	3.956113
802	1.495627	3.942534
803	2.184169	2.231502
804	1.840774	1.619301
805	3.466788	-0.518894
806	1.510201	0.327607
807	3.268092	-0.972483
808	2.390969	-1.224265
809	1.472860	-0.235768
810	-1.283283	1.295992
811	-1.785511	0.470401
812	-3.439387	1.134811
813	-6.420320	1.000576
814	-4.324195	2.224507
815	-3.297585	2.248359
816	-2.438965	2.721859
817	-1.066027	2.836164
818	-2.011602	0.793488
819	-1.000211	0.917154
820	-0.557890	2.015256
821	-0.047353	-0.678338
822	-0.462601	-1.684061
823	-2.375757	-1.190208
824	-2.502306	0.436081
825	-1.353268	-0.232690
826	-1.515360	-4.000358
827	-1.088224	-5.142383
828	-0.255050	-4.561889
829	-1.012824	-7.135122
830	-0.647400	-7.897068
831	-0.406961	-6.340213
832	1.417908	-5.141603
833	2.049475	-7.901414
834	1.354960	-7.605726
835	1.998650	-7.861136
836	1.198065	-5.510235
837	1.032811	-6.163116
838	3.537262	-4.693303
839	2.789906	-5.894164
840	1.964406	-5.583249
841	1.923442	-6.710148
842	5.512736	-8.352818
843	5.257228	-9.209113
844	4.226709	-7.183178
845	0.763320	-9.069829
846	0.880029	-8.103775
847	1.889385	-8.653904
848	1.031336	-8.304667
849	1.035458	-7.060463
850	0.638004	-7.025334
851	1.558841	-6.831020
852	5.206315	-6.751132
853	6.176565	-7.827699
854	5.337037	-10.085063
855	3.850094	-9.792066
856	6.603274	-8.933968
857	7.976182	-9.046693
858	6.901689	-9.872272
859	6.701326	-10.463618
860	6.711153	-11.995819
861	5.965461	-12.139484
862	6.034725	-11.580047
863	6.050566	-10.022078
864	5.558110	-10.346611
865	4.807935	-11.442414
866	5.554898	-11.162260
867	6.390342	-7.167567
868	6.037829	-8.419905
869	6.251471	-8.980836
870	8.694423	-7.655207
871	7.438793	-7.066439
872	6.506996	-7.893987
873	6.024438	-4.950441
874	7.572655	-5.203545
875	9.445424	-5.795339
876	8.607658	-7.149114
877	7.641670	-5.590364
878	8.356308	-4.944399
879	6.209889	-4.462099
880	6.130503	-5.549667
881	4.442564	-4.192882
882	5.738432	-2.288073
883	3.476377	-4.195241
884	3.973781	-3.512995
885	7.833591	-2.828626
886	8.022839	0.763317
887	5.005650	1.085443
888	5.459815	-0.209443
889	7.442797	-1.575655
890	8.793011	-2.722317
891	8.070990	-1.874271
892	9.129004	-2.620384
893	9.984821	-0.703755
894	8.779714	0.389035
895	8.697121	-2.087690
896	8.772720	-0.003356
897	6.383656	1.092579
898	6.718746	-0.792894
899	5.470475	-0.511761
900	2.654624	0.372521
901	4.401127	2.082049
902	4.731013	1.561187
903	0.678231	0.687571
904	0.996871	-0.707425
905	2.504358	-2.082751
906	3.119825	-3.102652
907	3.284900	-2.666445
908	3.217692	-2.235344
909	1.938326	-0.160494
910	-0.362616	-0.052673
911	-1.319547	2.533470
912	-0.212462	1.828787
913	-0.987230	4.692212
914	-0.523886	3.666703
915	-1.110138	3.626105
916	-1.206737	4.471700
917	-3.616101	3.167139
918	-1.544741	4.709456
919	-2.020584	5.438358
920	-1.974542	6.483153
921	-1.342888	3.078292
922	0.280092	3.304965
923	-0.325240	3.041998
924	1.568039	2.987568
925	0.756736	4.173102
926	-0.974003	7.308905
927	-1.440607	7.381655
928	-1.085218	6.175006
929	-0.434427	6.226194
930	0.958164	5.172305
931	-0.110823	7.570389
932	-1.562122	6.430483
933	-1.523567	8.184223
934	-1.845982	7.576636
935	-2.129010	10.045982
936	-3.195098	9.437978
937	-2.930618	9.234121
938	-2.088398	8.959593
939	-0.301567	10.571035
940	-0.232340	10.831994
941	-1.223317	10.842710
942	-0.253273	9.649952
943	0.866789	10.158615
944	-0.024991	11.430448
945	-2.107354	10.314901
946	-4.806026	10.212346
947	-4.901398	10.819941
948	-5.375539	9.193505
949	-3.487321	8.751253
950	-4.916355	7.647120
951	-4.453383	6.849078
952	-4.123748	8.157689
953	-6.409886	8.215774
954	-7.347332	7.758108
955	-4.925039	4.119020
956	-4.345200	3.471413
957	-7.783817	3.390633
958	-6.509572	4.595491
959	-5.832234	2.891980
960	-6.371164	1.460953
961	-7.002895	2.496505
962	-8.457362	0.339402
963	-9.954698	1.200051
964	-10.989736	-1.470422
965	-9.951052	-2.222367
966	-9.295346	-2.576133
967	-9.694632	-0.607727
968	-8.417728	-0.232616
969	-9.464881	-1.383703
970	-5.570990	-0.943236
971	-7.874342	-2.019668
972	-7.408082	-2.325872
973	-7.153944	-1.326339
974	-6.854005	-0.618115
975	-7.324670	0.786096
976	-6.702378	2.763923
977	-6.625240	1.521281
978	-7.355182	3.179949
979	-5.177323	2.659092
980	-3.805056	4.417102
981	-4.644906	5.685714
982	-6.274294	3.892495
983	-4.972384	2.783310
984	-3.764261	5.079295
985	-4.087152	4.204790
986	-4.758975	2.517099
987	-4.112652	1.237299
988	-3.043846	1.942993
989	-2.783283	2.477000
990	-2.352083	2.456286
991	-2.214940	1.927187
992	0.310137	2.202149
993	-1.793359	4.264999
994	-1.856641	3.260539
995	-1.398115	0.842254
996	0.866759	0.968193
997	1.510333	-0.750776
998	-0.340647	-3.718882
999	0.351696	-5.219183
1000	1.548946	-5.581083
1001	0.291847	-5.678029
1002	0.042791	-5.200315
1003	-1.620839	-4.557067
1004	-2.475985	-2.186198
1005	-4.758985	-2.820662
1006	-5.737882	-5.902730
1007	-7.286501	-4.135417
1008	-7.202009	-4.552407
1009	-2.799734	-5.215539
1010	-4.136185	-6.125181
1011	-5.251480	-9.072728
1012	-4.891542	-8.499451
1013	-1.017314	-10.939532
1014	-0.745339	-11.001165
1015	-3.056690	-12.230625
1016	-2.216938	-11.839587
1017	-0.424720	-14.232071
1018	-0.687398	-14.845243
1019	-0.035014	-14.630852
1020	0.049263	-14.265358
1021	2.131278	-14.073639
1022	-0.500679	-13.040339
1023	-0.086521	-12.135406
1024	2.324444	-12.074564
1025	-1.018084	-12.130451
1026	0.499905	-10.481109
1027	3.377759	-11.332199
1028	3.306078	-11.453035
1029	5.334821	-13.053868
1030	7.348109	-12.384603
1031	8.784748	-11.144499
1032	8.346858	-9.689406
1033	7.635682	-9.636248
1034	9.799835	-7.426495
1035	9.841652	-5.673254
1036	8.058093	-4.009709
1037	11.099019	-2.409718
1038	11.073129	-2.878677
1039	11.718788	-3.746364
1040	11.745100	-3.620114
1041	11.487950	-4.025567
1042	13.653977	-5.738516
1043	13.016822	-4.538799
1044	13.508512	-6.409073
1045	12.458202	-7.131888
1046	14.577333	-8.556312
1047	15.218417	-7.686188
1048	14.280853	-6.524734
1049	15.570666	-6.563248
1050	16.630554	-6.687099
1051	16.371540	-8.665099
1052	15.185151	-10.298500
1053	14.435749	-10.912749
1054	16.194206	-9.151810
1055	16.793587	-6.082034
1056	16.460114	-7.297596
1057	16.298607	-7.938311
1058	15.253093	-7.332541
1059	13.392167	-4.834353
1060	10.004854	-5.202858
1061	9.802380	-5.758759
1062	10.420408	-3.650336
1063	7.957273	-4.998010
1064	4.604427	-2.600286
1065	4.267087	-3.687888
1066	8.692797	-2.799494
1067	10.231796	-4.302720
1068	8.703783	-4.941710
1069	7.253499	-3.630525
1070	9.033782	-4.172481
1071	11.032894	-3.119203
1072	11.350222	-5.605115
1073	11.314541	-7.697888
1074	9.174409	-7.457477
1075	9.313693	-5.800591
1076	8.800274	-5.890323
1077	9.058117	-7.620572
1078	8.639545	-8.048620
1079	6.536509	-7.819427
1080	5.782108	-7.384563
1081	4.333097	-8.309846
1082	4.881280	-6.263340
1083	3.425780	-7.489376
1084	3.473868	-7.688235
1085	3.079723	-4.231523
1086	1.443329	-3.620417
1087	2.200027	-1.468186
1088	-1.535330	1.346513
1089	-2.162483	2.165124
1090	-1.118726	2.268142
1091	-3.624566	3.029731
1092	-3.075186	2.283334
1093	-2.163905	2.162707
1094	-1.912462	2.849861
1095	-1.636635	1.140355
1096	-3.049217	0.501568
1097	-4.373760	-0.220078
1098	-4.912811	-0.008287
1099	-5.891104	-1.374133
1100	-7.429507	0.137344
1101	-6.758803	0.236802
1102	-6.342548	1.329685
1103	-5.843336	3.204371
1104	-4.641231	1.545327
1105	-1.510152	2.383266
1106	-2.282728	1.812683
1107	-1.640452	3.682361
1108	-1.326371	3.675529
1109	-5.573027	4.197862
1110	-5.767434	4.141045
1111	-7.070089	4.112867
1112	-9.500287	2.705697
1113	-11.486224	5.025356
1114	-10.706020	3.165621
1115	-11.978779	5.196018
1116	-12.677017	3.643108
1117	-13.944649	4.340893
1118	-13.162148	3.649452
1119	-15.809019	5.182007
1120	-16.311922	7.071148
1121	-15.456544	5.165530
1122	-16.276943	4.774809
1123	-17.179789	6.623343
1124	-17.419796	7.952004
1125	-16.524307	7.060061
1126	-15.261724	7.248072
1127	-11.967957	7.989834
1128	-11.204790	8.017863
1129	-10.196030	9.420748
1130	-8.777171	8.783242
1131	-10.069113	9.432565
1132	-8.969234	9.052630
1133	-8.525978	6.246717
1134	-10.723438	7.221251
1135	-9.505081	9.027608
1136	-10.769420	9.375160
1137	-11.441236	8.396141
1138	-13.088105	10.848191
1139	-13.442525	10.261159
1140	-14.617882	12.889667
1141	-14.821514	12.884182
1142	-14.864798	13.131169
1143	-14.657892	13.107639
1144	-11.915920	12.981206
1145	-11.840998	15.040526
1146	-11.456383	14.485788
1147	-10.165379	15.975629
1148	-7.393461	16.075432
1149	-6.947846	16.901094
1150	-6.623124	16.930536
1151	-5.893621	16.046530
1152	-5.445748	16.077950
1153	-5.919853	17.290689
1154	-5.670948	16.115795
1155	-4.850452	15.859383
1156	-6.012338	15.467301
1157	-6.441776	14.633737
1158	-4.816807	11.783560
1159	-4.302006	9.948201
1160	-4.290776	10.825320
1161	-5.883613	9.525948
1162	-7.897856	8.488399
1163	-5.309077	7.110597
1164	-5.266085	4.628111
1165	-3.081305	4.890886
1166	-3.000808	6.966489
1167	-3.687467	4.406197
1168	-6.237784	6.711161
1169	-7.298025	5.474466
1170	-7.170120	3.766211
1171	-7.444239	5.205455
1172	-8.877105	5.916326
1173	-7.837975	0.743890
1174	-8.443326	1.144540
1175	-9.181202	2.305064
1176	-6.295886	3.886252
1177	-5.407185	4.399096
1178	-4.868452	4.629453
1179	-5.078741	5.796205
1180	-5.327298	3.265063
1181	-5.062909	1.653120
1182	-4.079711	1.241495
1183	-2.819713	0.982284
1184	-0.625632	1.738916
1185	0.811808	2.480105
1186	0.072905	1.213248
1187	2.878269	-1.146799
1188	3.743919	-2.320923
1189	5.803530	-1.364633
1190	5.235617	0.032571
1191	8.693916	0.305414
1192	9.364282	-0.774311
1193	9.995266	-0.427719
1194	11.751544	-1.790725
1195	12.303869	-1.566935
1196	9.386106	-1.525058
1197	11.103683	-2.919394
1198	10.340797	-2.597335
1199	6.483198	-2.243670
1200	5.527297	-2.097898
1201	6.097038	-0.084542
1202	8.866799	-0.048089
1203	5.669090	-2.551134
1204	4.132229	-1.508703
1205	7.867722	-2.795044
1206	7.598430	-2.992850
1207	7.167765	-1.324235
1208	9.255109	-5.070595
1209	8.991188	-3.557189
1210	8.009479	-5.317035
1211	10.331898	-7.082222
1212	11.574343	-8.399400
1213	11.805899	-6.459468
1214	11.483036	-8.426259
1215	11.587564	-9.400167
1216	11.064311	-7.593750
1217	11.234674	-8.808840
1218	11.871342	-9.687961
1219	14.024492	-6.841096
1220	15.742710	-5.675953
1221	14.609375	-6.917917
1222	12.616513	-5.741020
1223	12.209973	-6.131140
1224	12.956778	-5.223517
1225	13.166687	-6.536403
1226	13.388346	-7.187151
1227	12.803063	-4.535206
1228	10.400764	-1.847605
1229	12.737297	-3.096846
1230	11.942802	-3.165551
1231	12.761403	-4.387843
1232	12.669972	-6.146270
1233	14.227482	-6.849326
1234	13.151183	-7.569342
1235	11.372964	-8.606117
1236	9.348740	-8.068803
1237	11.871579	-5.676162
1238	10.975193	-8.519430
1239	10.865538	-10.082002
1240	9.049088	-12.018303
1241	9.698974	-11.995375
1242	8.003863	-11.261913
1243	7.563413	-9.682549
1244	3.980839	-10.895184
1245	4.555426	-11.053346
1246	5.592539	-14.923538
1247	3.989661	-14.629218
1248	4.418755	-13.024057
1249	5.165513	-13.879873
1250	3.155580	-14.884415
1251	2.618702	-13.376382
1252	2.347656	-13.078475
1253	2.006877	-11.652348
1254	2.983868	-9.753781
1255	0.385987	-11.311188
1256	-0.537010	-12.142583
1257	-0.456562	-12.146640
1258	-1.443347	-12.940463
1259	-1.177956	-13.192097
1260	-0.202942	-12.039587
1261	0.018787	-10.089452
1262	1.138963	-11.334009
1263	-0.217653	-10.492979
1264	1.571561	-8.042272
1265	3.050987	-7.233469
1266	3.571503	-5.853141
1267	3.577985	-5.949565
1268	1.735212	-6.076835
1269	2.640512	-6.926595
1270	3.148052	-5.756392
1271	4.597382	-3.591523
1272	2.843806	-4.574191
1273	-0.370757	-2.005036
1274	0.789665	-1.520429
1275	-0.650958	0.956477
1276	-2.392603	0.921199
1277	0.157255	2.709022
1278	-1.028050	5.243117
1279	-0.870328	5.323429
1280	-2.489436	4.714123
1281	-4.088549	3.896098
1282	-4.836842	3.069826
1283	-3.964187	4.472465
1284	-2.364889	4.380769
1285	-2.365568	4.770945
1286	-3.378902	2.471514
1287	-3.470289	1.932036
1288	-4.849055	2.721134
1289	-3.862435	0.865031
1290	-6.146301	2.389840
1291	-5.506326	2.007088
1292	-8.121921	2.300712
1293	-9.255962	1.871837
1294	-9.000522	0.698686
1295	-11.568355	0.715447
1296	-12.577156	-0.120273
1297	-14.041026	1.412858
1298	-14.404494	0.129197
1299	-13.708769	-0.041449
1300	-14.268764	4.096354
1301	-13.689136	6.738675
1302	-14.217749	7.319717
1303	-14.689299	6.601439
1304	-13.685375	8.242690
1305	-13.425838	8.569218
1306	-13.411559	10.588609
1307	-14.521094	11.095726
1308	-13.255160	9.048287
1309	-12.888579	10.120319
1310	-12.169760	11.146872
1311	-10.834340	11.125944
1312	-11.305365	10.233044
1313	-10.015295	10.235819
1314	-9.559186	9.180542
1315	-9.535863	9.978063
1316	-8.208941	10.406900
1317	-6.895266	12.710811
1318	-4.907353	12.753050
1319	-4.227594	10.536069
1320	-4.265930	9.377253
1321	-1.277863	10.964823
1322	-1.611453	9.521678
1323	-1.629241	9.027470
1324	-1.705798	11.167476
1325	-2.067418	13.950389
1326	-2.792258	13.649344
1327	-3.833066	13.360758
1328	-5.077199	13.998799
1329	-4.022182	12.478532
1330	-6.751731	14.581712
1331	-6.153825	13.428566
1332	-5.495311	14.352729
1333	-7.120321	14.395293
1334	-8.709702	15.243965
1335	-7.973552	15.658169
1336	-6.657708	14.608658
1337	-6.458776	14.085549
1338	-8.090808	14.439868
1339	-8.104390	13.641022
1340	-7.253067	12.905065
1341	-4.193260	12.071986
1342	-3.365118	10.111065
1343	-5.073651	9.053994
1344	-5.546968	8.748402
1345	-4.651190	5.972209
1346	-3.865205	3.725295
1347	-3.136683	3.581171
1348	-3.099715	3.717977
1349	-1.191637	4.754968
1350	-0.896428	5.775068
1351	-1.560338	4.779330
1352	-4.435866	5.578375
1353	-4.983449	4.892582
1354	-5.484701	7.336444
1355	-6.173661	7.697170
1356	-6.489689	10.225293
1357	-4.931104	11.251939
1358	-4.348143	10.498947
1359	-4.345919	7.419146
1360	-5.722961	5.840836
1361	-5.594119	6.141885
1362	-3.331286	2.001315
1363	-5.083117	0.998565
1364	-5.813688	0.518778
1365	-6.802492	0.947000
1366	-5.443206	0.832568
1367	-2.540138	-1.326167
1368	-1.320230	0.675353
1369	0.892678	1.672829
1370	1.043376	1.269828
1371	1.305941	2.731806
1372	1.008893	2.552084
1373	3.417625	6.100777
1374	3.317616	5.685862
1375	2.467113	2.217223
1376	3.747551	3.081045
1377	2.820931	3.600549
1378	3.582491	0.056045
1379	2.452546	-0.775272
1380	3.033819	-1.243107
1381	4.880468	0.256874
1382	2.967975	-1.998192
1383	4.781344	-1.210062
1384	3.122906	1.908604
1385	4.412863	1.766717
1386	4.001843	-0.082366
1387	5.690648	-1.721877
1388	6.425908	-0.528194
1389	4.173345	1.637239
1390	3.301664	1.888286
1391	5.384861	0.655921
1392	5.748285	-0.918805
1393	6.090874	-3.149909
1394	6.537488	-3.286064
1395	7.182227	-5.507119
1396	6.872272	-3.298165
1397	5.121130	-3.914129
1398	5.798498	-6.167547
1399	5.430759	-5.604507
1400	4.843193	-7.485240
1401	3.587900	-7.392861
1402	3.235249	-7.980853
1403	4.223158	-7.703107
1404	1.151671	-5.957567
1405	0.754806	-5.526539
1406	1.913654	-4.586159
1407	3.775203	-6.002786
1408	3.780092	-6.472167
1409	6.387345	-4.250068
1410	4.954629	-4.487644
1411	7.067920	-7.138654
1412	4.832119	-7.579942
1413	6.303678	-6.595296
1414	6.027591	-9.025786
1415	8.081635	-9.113271
1416	7.496178	-10.069479
1417	6.384466	-9.827026
1418	5.197446	-8.020263
1419	5.375815	-9.569519
1420	5.308298	-7.251004
1421	3.466607	-6.820823
1422	6.156349	-7.016077
1423	5.522973	-7.644222
1424	6.398580	-7.338053
1425	4.172657	-7.817289
1426	3.054152	-6.549995
1427	5.971996	-6.942934
1428	4.710750	-7.206170
1429	4.859245	-7.644266
1430	6.407756	-7.259036
1431	6.456266	-5.181554
1432	3.727507	-6.240355
1433	-0.120565	-6.707873
1434	-0.501715	-8.872056
1435	-1.790719	-8.201694
1436	-1.982721	-7.201046
1437	-0.171353	-7.763984
1438	-0.271923	-7.973142
1439	-0.015182	-7.215644
1440	-1.614890	-8.089218
1441	1.428745	-6.026376
1442	1.194943	-7.332087
1443	1.373771	-5.986510
1444	0.059781	-4.836295
1445	-1.145319	-6.801216
1446	0.770020	-7.502933
1447	1.712300	-6.098444
1448	3.141562	-8.354778
1449	1.853514	-9.339387
1450	1.660786	-10.034038
1451	-0.272279	-10.566249
1452	-1.345682	-8.380185
1453	-1.111126	-7.243512
1454	-0.797182	-6.327035
1455	0.311662	-4.686830
1456	2.537153	-6.455607
1457	0.045227	-4.646736
1458	-0.783317	-4.582553
1459	-1.539757	-3.681379
1460	-2.555747	-2.071098
1461	-0.819618	-0.260719
1462	-0.058854	-2.196288
1463	0.265935	2.060236
1464	-1.074969	1.054398
1465	0.888505	0.746740
1466	2.382327	1.172734
1467	2.006780	1.394360
1468	2.524327	-0.091528
1469	4.321842	-1.647473
1470	0.766057	-0.392440
1471	0.335503	-0.565093
1472	-1.792508	-3.109267
1473	-3.075112	-1.844410
1474	-4.125750	-1.737750
1475	-6.406331	-0.499166
1476	-6.801444	2.344465
1477	-8.213613	3.027842
1478	-9.029646	2.403067
1479	-9.695065	4.830829
1480	-9.548100	6.982560
1481	-9.515043	6.498093
1482	-9.302681	9.334283
1483	-8.370956	7.359782
1484	-9.464843	9.212796
1485	-9.171469	10.001945
1486	-7.581718	7.797246
1487	-7.094642	8.007488
1488	-6.501926	9.684763
1489	-8.247311	7.537994
1490	-7.894485	5.161063
1491	-8.661236	5.935708
1492	-7.831385	5.441638
1493	-6.197095	4.942245
1494	-5.911443	5.576964
1495	-5.897004	6.287741
1496	-4.183460	6.107619
1497	-4.777568	6.244520
1498	-5.469981	7.973337
1499	-2.275938	9.704009
1500	-2.894215	10.807056
1501	-1.437144	10.789052
1502	0.501251	13.046721
1503	-0.922052	16.186037
1504	0.239445	14.968721
1505	1.492923	13.670777
1506	0.387697	17.444967
1507	1.553130	18.529440
1508	1.199271	18.377213
1509	1.610685	18.341446
1510	1.359425	18.278028
1511	0.521142	18.037771
1512	-0.936471	16.176168
1513	-2.448385	17.929501
1514	-1.824446	15.827240
1515	-4.184804	13.805460
1516	-4.227904	14.899347
1517	-5.746475	15.046137
1518	-6.756414	15.047526
1519	-7.142097	13.009898
1520	-6.951414	10.710188
1521	-5.823257	9.279642
1522	-4.409130	7.771556
1523	-5.452662	7.435044
1524	-4.688965	6.628053
1525	-5.844286	4.426207
1526	-4.492020	3.463080
1527	-6.045794	1.982783
1528	-6.026359	-0.093302
1529	-5.851164	-1.033263
1530	-4.554484	-3.432844
1531	-7.689240	-3.677901
1532	-8.346110	-2.751314
1533	-7.765392	-2.521602
1534	-8.728049	-0.963944
1535	-5.862288	-0.866035
1536	-5.208001	-0.147351
1537	-8.271392	0.809653
1538	-9.979359	2.554844
1539	-9.532750	-0.656055
1540	-8.800376	2.021838
1541	-9.614789	-1.191746
1542	-9.717513	-1.001008
1543	-9.531354	0.684090
1544	-9.926061	0.806986
1545	-8.483315	0.840541
1546	-6.771404	0.160108
1547	-4.383603	-1.870040
1548	-5.231512	-1.388295
1549	-4.929632	1.043023
1550	-1.803741	1.565054
1551	-2.121275	1.794958
1552	-2.225272	2.040362
1553	-1.010731	1.566042
1554	0.814720	0.837575
1555	3.882949	2.206188
1556	3.444278	0.974407
1557	3.148973	0.380287
1558	2.118547	1.065904
1559	2.472952	-2.783607
1560	2.420576	-1.096381
1561	2.426038	-1.052558
1562	0.989585	-2.439954
1563	2.081136	-5.048167
1564	0.598022	-6.363369
1565	0.698252	-7.007891
1566	-1.566273	-5.827754
1567	-1.056646	-3.960444
1568	0.223210	-4.567513
1569	1.918955	-3.805179
1570	0.883844	-7.879948
1571	2.694768	-7.003941
1572	0.976272	-9.242670
1573	2.623536	-10.056283
1574	4.619807	-8.352505
1575	2.173525	-9.030813
1576	0.973241	-9.666466
1577	1.542873	-10.734778
1578	0.732499	-14.364778
1579	1.033427	-15.648157
1580	2.554852	-17.288271
1581	1.918336	-18.491358
1582	1.195556	-19.056110
1583	0.271020	-18.041164
1584	-0.235290	-15.620522
1585	-0.830334	-14.617970
1586	-1.318632	-13.093156
1587	-2.455280	-13.909591
1588	-2.083383	-15.692204
1589	-1.754629	-15.305815
1590	1.792377	-16.152351
1591	2.227609	-13.919854
1592	0.886910	-14.149554
1593	2.233189	-13.349062
1594	5.158436	-13.122584
1595	6.408967	-11.900163
1596	6.412853	-11.433769
1597	9.240084	-11.232521
1598	9.960096	-11.282946
1599	10.303720	-12.161143
1600	10.634378	-12.401822
1601	10.966732	-10.826248
1602	11.079675	-10.176390
1603	10.373917	-11.072504
1604	10.929197	-12.456935
1605	10.224653	-11.896333
1606	8.115154	-10.120072
1607	8.238167	-9.437983
1608	10.890643	-7.189327
1609	9.380606	-4.341188
1610	10.662560	-4.336991
1611	11.084906	-2.753458
1612	10.019789	-2.061905
1613	9.739055	-2.503107
1614	9.098575	-0.878370
1615	9.701709	-0.838693
1616	8.458141	-4.404455
1617	6.145229	-6.263361
1618	8.865577	-5.787293
1619	9.560331	-7.744280
1620	11.129299	-6.805888
1621	8.957308	-6.397294
1622	9.417158	-6.205314
1623	10.218860	-5.313881
1624	11.119006	-5.257600
1625	10.985552	-4.225231
1626	11.774983	-3.422339
1627	10.749882	-1.244252
1628	11.884092	-1.965473
1629	10.802098	-2.471084
1630	9.346427	-1.819021
1631	8.282200	-3.015993
1632	4.279294	-4.093272
1633	3.429332	-3.890768
1634	4.704053	-3.919008
1635	5.289547	-2.247084
1636	6.599270	-0.115643
1637	5.693486	1.021521
1638	6.905719	1.658209
1639	8.158799	1.955507
1640	9.117717	1.974048
1641	10.638731	3.308180
1642	10.116160	5.185016
1643	8.891224	8.145193
1644	7.826165	8.772491
1645	7.395795	6.376859
1646	6.538895	9.229032
1647	7.035621	7.094232
1648	10.135186	6.761193
1649	11.220201	5.688470
1650	10.606262	5.381936
1651	6.883809	8.828064
1652	7.213941	10.234483
1653	5.427734	7.888151
1654	1.313927	7.578582
1655	1.052977	9.225922
1656	2.390781	9.686810
1657	3.212966	10.257138
1658	3.312571	9.253218
1659	2.348487	12.430140
1660	1.625558	11.816181
1661	1.762619	10.436014
1662	1.566204	8.290352
1663	1.182528	10.901005
1664	2.714634	10.232714
1665	1.196932	11.309956
1666	1.515237	10.095157
1667	2.122945	10.666615
1668	0.627707	8.280129
1669	2.119178	8.023818
1670	-0.112477	10.212358
1671	1.632292	8.818999
1672	-1.891859	8.542118
1673	-4.331692	8.721749
1674	-4.837505	5.680684
1675	-5.805352	8.446335
1676	-6.667518	10.200073
1677	-7.030096	10.903594
1678	-6.691973	10.297752
1679	-6.033077	12.270373
1680	-5.861537	11.166341
1681	-5.241667	13.363544
1682	-4.538009	12.603125
1683	-5.043630	11.083817
1684	-3.695780	11.353395
1685	-2.031619	11.922424
1686	-1.148893	11.038194
1687	-1.351618	10.254916
1688	-1.733793	8.098765
1689	-0.591251	5.691830
1690	-3.835584	4.831670
1691	-4.567953	4.036818
1692	-4.036888	5.523247
1693	-3.546385	5.429847
1694	-4.841045	5.250643
1695	-3.419460	5.723956
1696	-1.344841	6.181939
1697	-1.466571	7.302542
1698	-2.484954	6.655618
1699	-4.357667	7.760513
1700	-4.568349	7.003951
1701	-4.904548	7.551942
1702	-6.352029	7.841994
1703	-7.259484	7.628256
1704	-5.006682	8.207683
1705	-6.985882	5.666033
1706	-6.371888	3.791602
1707	-9.844190	3.259560
1708	-11.191328	1.491228
1709	-10.352637	-2.020934
1710	-11.260968	-4.109328
1711	-10.555296	-3.213471
1712	-12.168991	-1.737831
1713	-11.233681	-2.486397
1714	-9.294949	-3.076365
1715	-8.383481	-5.002247
1716	-8.635128	-3.610225
1717	-7.029489	-3.987837
1718	-8.593143	-2.880964
1719	-7.810471	-5.366808
1720	-6.749187	-6.583745
1721	-6.617255	-5.479288
1722	-5.271817	-6.882029
1723	-4.969720	-5.744257
1724	-6.247285	-5.071191
1725	-6.245000	-5.440339
1726	-9.189065	-4.242944
1727	-7.610417	-4.293268
1728	-7.659905	-3.822244
1729	-6.393312	-4.137539
1730	-6.155969	-8.068413
1731	-5.793124	-8.555451
1732	-5.335472	-7.626694
1733	-2.147455	-10.109976
1734	-0.932475	-9.033751
1735	-1.580920	-8.662921
1736	-0.490029	-8.910285
1737	0.234431	-10.033003
1738	-1.502655	-8.749366
1739	-1.404077	-6.875547
1740	-0.829195	-7.975327
1741	0.201825	-9.510504
1742	0.988221	-11.494657
1743	0.055325	-13.664991
1744	-0.020013	-14.536463
1745	1.322279	-13.476814
1746	-1.858964	-13.016644
1747	-1.866709	-13.492251
1748	-4.012187	-12.683989
1749	-4.766551	-13.624964
1750	-2.962923	-13.720483
1751	-2.931031	-16.782846
1752	-3.078916	-14.287975
1753	-5.677030	-10.941212
1754	-2.521134	-13.630286
1755	-1.597921	-15.334985
1756	-2.752182	-16.505165
1757	-2.736073	-15.233459
1758	-3.898099	-14.461587
1759	-2.824178	-15.184197
1760	-3.954406	-13.596831
1761	-4.353219	-13.803023
1762	-1.634711	-15.108266
1763	0.615220	-12.163245
1764	1.047726	-13.779422
1765	1.424693	-12.491046
1766	1.192139	-11.464633
1767	4.510141	-13.279026
1768	4.615438	-9.777560
1769	4.174914	-7.624934
1770	4.264935	-7.094652
1771	5.590488	-6.957370
1772	4.337894	-8.992179
1773	4.615539	-9.049675
1774	5.588649	-8.926847
1775	7.611360	-6.446206
1776	8.643503	-6.996245
1777	8.718578	-7.707249
1778	7.684393	-5.565382
1779	8.801534	-2.145319
1780	8.545807	-3.314282
1781	8.425637	-2.137995
1782	9.284351	-1.657815
1783	7.833846	-5.022254
1784	7.159000	-2.843620
1785	6.876080	-2.115761
1786	7.103479	-2.395667
1787	8.394464	-5.537990
1788	8.463933	-5.666849
1789	6.610105	-4.916245
1790	6.832558	-4.032325
1791	5.978594	-6.023650
1792	6.295446	-4.645121
1793	8.983248	-1.541172
1794	7.750834	-3.193647
1795	7.281594	-1.014951
1796	5.790645	1.666628
1797	5.950910	-0.520173
1798	3.957677	0.091009
1799	3.788475	0.116865
1800	2.251504	1.301791
1801	4.810846	1.308815
1802	6.232676	2.014006
1803	6.287650	0.460709
1804	8.018550	2.598114
1805	7.400150	4.491016
1806	5.726009	3.083539
1807	4.927483	6.625083
1808	4.306061	5.696174
1809	5.695436	5.054339
1810	8.654097	5.249867
1811	9.689427	5.329647
1812	11.599312	5.982472
1813	10.701014	8.321396
1814	11.539186	5.621593
1815	8.287111	7.970601
1816	6.572686	9.314857
1817	6.135096	10.800139
1818	6.506792	9.530466
1819	6.743318	9.741507
1820	7.587208	10.544541
1821	9.471504	11.876768
1822	7.684793	14.008798
1823	7.070580	12.158474
1824	8.234162	12.344573
1825	6.718448	11.999447
1826	6.043411	13.146731
1827	8.012485	10.706897
1828	6.946363	10.049575
1829	6.936772	11.973272
1830	8.733012	12.964353
1831	10.513392	13.001762
1832	10.832064	14.415151
1833	7.523366	13.651589
1834	6.691891	13.083150
1835	1.450852	13.598544
1836	0.102328	13.472544
1837	0.396338	15.221690
1838	0.170393	13.234535
1839	0.286078	12.279612
1840	0.361345	11.776136
1841	0.292316	10.332750
1842	1.585369	10.039316
1843	-0.405342	9.084267
1844	-1.606796	9.084899
1845	-1.997783	9.412177
1846	-3.069070	11.555485
1847	-3.428623	13.282453
1848	-5.913646	10.745664
1849	-5.557997	9.357601
1850	-3.206747	10.245650
1851	-3.982431	10.378717
1852	-3.000626	12.810715
1853	-2.458101	14.576236
1854	-2.621285	13.973734
1855	-2.110916	14.068262
1856	-0.226547	13.299611
1857	0.154735	11.023991
1858	0.423191	8.615835
1859	2.244329	7.444858
1860	3.076593	8.409492
1861	5.014578	8.058022
1862	3.993876	11.562110
1863	1.236843	12.243475
1864	0.452975	13.003900
1865	-0.432266	12.837067
1866	2.160327	14.800282
1867	2.040883	13.805387
1868	0.870209	13.542319
1869	1.191311	13.986844
1870	-0.026933	14.514571
1871	-1.662909	13.087294
1872	-0.846793	11.000053
1873	-0.157723	10.956855
1874	-0.206110	10.717830
1875	-1.103527	9.842453
1876	-0.211827	6.950993
1877	2.102621	5.080708
1878	0.594914	5.687077
1879	2.086875	4.598139
1880	1.736997	3.718951
1881	2.972409	1.899735
1882	0.248698	0.037126
1883	1.831599	3.404911
1884	1.868643	0.615973
1885	0.237243	0.394752
1886	0.329168	-0.465801
1887	-0.892679	-2.039712
1888	-1.712132	-3.719423
1889	-1.110772	-4.383557
1890	-0.414241	-3.912403
1891	-1.241677	-7.397069
1892	-5.466296	-8.449987
1893	-5.052859	-8.821143
1894	-5.279550	-9.270904
1895	-7.676847	-10.525328
1896	-8.146652	-9.358698
1897	-8.289341	-10.569808
1898	-5.380829	-9.480065
1899	-3.706739	-6.073326
1900	-6.073870	-6.584285
1901	-6.276397	-7.605868
1902	-8.261609	-7.829970
1903	-5.681127	-10.329487
1904	-4.411541	-9.078826
1905	-4.157275	-9.502989
1906	-3.123044	-9.361811
1907	-4.586694	-11.084072
1908	-5.782777	-9.571057
1909	-5.668503	-9.385962
1910	-3.099536	-10.426065
1911	-2.963320	-9.256018
1912	-5.445739	-12.067782
1913	-7.171174	-11.475616
1914	-5.268450	-12.956252
1915	-5.251956	-13.325072
1916	-3.364150	-13.040496
1917	-4.160744	-9.969695
1918	-2.482449	-9.716299
1919	-0.254740	-9.336463
1920	-0.766692	-8.787269
1921	-3.281497	-7.974135
1922	-1.960515	-7.512634
1923	-2.391961	-7.105546
1924	-2.171129	-9.505671
1925	-3.773369	-8.709469
1926	-4.007378	-9.237817
1927	-3.754257	-9.203649
1928	-1.393594	-8.146188
1929	-4.380238	-9.514671
1930	-7.223777	-11.096761
1931	-5.414008	-12.232432
1932	-3.647054	-12.370316
1933	-1.946991	-13.023517
1934	-0.989981	-12.227811
1935	-0.597607	-9.156855
1936	-1.389196	-10.983282
1937	-0.238320	-12.042020
1938	-1.414867	-12.081111
1939	-0.248745	-9.772371
1940	-2.134704	-8.874473
1941	-2.922559	-9.501911
1942	-0.815191	-7.682941
1943	-2.464158	-6.153290
1944	-3.307297	-8.353810
1945	-1.665609	-6.342981
1946	-2.019574	-7.137661
1947	-3.536973	-8.673853
1948	-5.060798	-11.500603
1949	-4.585157	-10.956262
1950	-5.089130	-9.089230
1951	-3.850935	-7.882421
1952	-0.880387	-7.574703
1953	0.290462	-6.654607
1954	0.886104	-4.651360
1955	-0.295503	-4.949127
1956	0.791233	-2.275392
1957	1.181217	-1.803435
1958	1.606333	-4.033806
1959	1.118172	-3.143285
1960	1.889884	-3.117905
1961	2.138800	-1.647938
1962	3.176138	-0.181544
1963	4.749543	-0.976971
1964	3.586814	-0.488932
1965	2.714906	-0.153316
1966	2.572832	-2.269136
1967	-0.677366	-2.152595
1968	-0.346023	-1.700254
1969	2.346403	-1.879115
1970	0.431956	-1.792797
1971	-2.256028	0.697243
1972	-2.082535	3.161113
1973	-0.595600	5.961997
1974	0.869139	7.243663
1975	1.784608	5.869275
1976	-1.515475	5.255331
1977	-1.931874	7.091501
1978	-4.103818	6.882304
1979	-3.060467	5.660343
1980	-2.677044	4.034859
1981	-3.447324	5.402010
1982	-3.336218	4.456245
1983	-3.022413	2.147708
1984	-2.699481	1.002849
1985	-2.406049	0.624374
1986	-0.727160	2.239695
1987	-1.044174	2.381124
1988	-0.222914	2.039843
1989	-0.701944	1.975768
1990	-2.257573	1.574460
1991	-2.415890	1.843815
1992	-3.749857	1.189545
1993	-3.585232	2.650446
1994	-2.280400	6.545105
1995	-2.721792	4.411274
1996	-3.081355	5.530889
1997	-0.259698	6.045261
1998	-0.954932	5.496310
1999	-1.058265	6.186125
2000	-1.058265	6.186125
